#          omega_b,        omega_cdm,              n_s,              A_s,      100*theta_s,         tau_reio,           m_ncdm,               H0,           z_reio,     Omega_Lambda
 3.463440e-08	-1.456369e-07	 4.527106e-07	 2.931522e-16	 4.462634e-08	 1.095029e-07	-2.592453e-06	 1.649526e-04	 1.670865e-07	 2.118073e-06	
-1.456369e-07	 1.305622e-06	-2.794603e-06	 2.045584e-15	-7.736500e-08	-7.361170e-07	 1.810607e-05	-1.087886e-03	-1.478964e-05	-1.502118e-05	
 4.527106e-07	-2.794603e-06	 2.003391e-05	 9.412592e-15	 5.048677e-07	 2.583190e-06	-5.210208e-05	 2.922453e-03	 9.853406e-05	 3.890649e-05	
 2.931522e-16	 2.045584e-15	 9.412592e-15	 1.117838e-22	 8.048192e-16	 1.758886e-14	 1.303325e-14	-5.256987e-13	 1.775624e-12	-1.149500e-14	
 4.462634e-08	-7.736500e-08	 5.048677e-07	 8.048192e-16	 2.811126e-07	 1.092112e-07	-1.309069e-06	 1.948630e-04	-2.001552e-08	 2.119278e-06	
 1.095029e-07	-7.361170e-07	 2.583190e-06	 1.758886e-14	 1.092112e-07	 4.713669e-06	-9.688961e-06	 6.454984e-04	 4.429514e-04	 8.696749e-06	
-2.592453e-06	 1.810607e-05	-5.210208e-05	 1.303325e-14	-1.309069e-06	-9.688961e-06	 1.327563e-03	-4.432052e-02	 4.178530e-04	-5.904262e-04	
 1.649526e-04	-1.087886e-03	 2.922453e-03	-5.256987e-13	 1.948630e-04	 6.454984e-04	-4.432052e-02	 1.767078e+00	-5.906270e-03	 2.348058e-02	
 1.670865e-07	-1.478964e-05	 9.853406e-05	 1.775624e-12	-2.001552e-08	 4.429514e-04	 4.178530e-04	-5.906270e-03	 4.529322e-02	-5.999100e-05	
 2.118073e-06	-1.502118e-05	 3.890649e-05	-1.149500e-14	 2.119278e-06	 8.696749e-06	-5.904262e-04	 2.348058e-02	-5.999100e-05	 3.142737e-04	
