#          omega_b,        omega_cdm,              n_s,              A_s,      100*theta_s,         tau_reio,           m_ncdm,               H0,           z_reio,     Omega_Lambda
 1.770389e-08	-7.674256e-08	 2.248566e-07	 1.202852e-16	 2.214687e-08	 5.514633e-08	-1.360556e-06	 8.559509e-05	-3.640545e-08	 1.118753e-06	
-7.674256e-08	 1.139359e-06	-2.411942e-06	 3.306045e-15	 5.721413e-08	-5.075771e-07	 1.153701e-05	-7.524814e-04	-1.174503e-05	-1.081989e-05	
 2.248566e-07	-2.411942e-06	 2.025112e-05	 6.625766e-15	 8.733002e-08	 2.181046e-06	-3.376723e-05	 1.965069e-03	 1.197841e-04	 2.730674e-05	
 1.202852e-16	 3.306045e-15	 6.625766e-15	 1.316826e-22	 7.227207e-16	 2.056703e-14	 8.980552e-15	-1.059224e-12	 2.122812e-12	-1.820364e-14	
 2.214687e-08	 5.721413e-08	 8.733002e-08	 7.227207e-16	 3.360430e-07	 2.109688e-08	-2.550462e-07	 1.176737e-04	-1.261834e-06	 1.038117e-06	
 5.514633e-08	-5.075771e-07	 2.181046e-06	 2.056703e-14	 2.109688e-08	 5.321860e-06	-8.524665e-06	 4.580150e-04	 5.176552e-04	 6.312686e-06	
-1.360556e-06	 1.153701e-05	-3.376723e-05	 8.980552e-15	-2.550462e-07	-8.524665e-06	 1.247930e-03	-3.870242e-02	 1.281001e-04	-5.066761e-04	
 8.559509e-05	-7.524814e-04	 1.965069e-03	-1.059224e-12	 1.176737e-04	 4.580150e-04	-3.870242e-02	 1.411741e+00	 8.557644e-05	 1.863900e-02	
-3.640545e-08	-1.174503e-05	 1.197841e-04	 2.122812e-12	-1.261834e-06	 5.176552e-04	 1.281001e-04	 8.557644e-05	 5.253930e-02	 1.758378e-05	
 1.118753e-06	-1.081989e-05	 2.730674e-05	-1.820364e-14	 1.038117e-06	 6.312686e-06	-5.066761e-04	 1.863900e-02	 1.758378e-05	 2.482266e-04	
