#          omega_b,        omega_cdm,              n_s,              A_s,      100*theta_s,           m_ncdm,           z_reio,               H0,         tau_reio,     Omega_Lambda
 6.033963e-08	-3.296702e-07	 1.082613e-06	 3.949033e-16	 8.362027e-08	-6.758769e-06	 1.252087e-06	 3.628584e-04	 2.189742e-07	 5.280661e-06	
-3.296702e-07	 2.848480e-06	-7.774195e-06	 4.337140e-15	-3.699671e-07	 2.729012e-05	-1.320863e-05	-2.067257e-03	-1.377288e-06	-3.142748e-05	
 1.082613e-06	-7.774195e-06	 3.633890e-05	 6.252353e-15	 1.373603e-06	-1.520296e-04	 1.269452e-04	 7.920235e-03	 5.360579e-06	 1.165572e-04	
 3.949033e-16	 4.337140e-15	 6.252353e-15	 1.240161e-22	 8.770473e-16	-3.184721e-13	 1.335880e-12	 7.187255e-12	 1.433091e-14	 9.668643e-14	
 8.362027e-08	-3.699671e-07	 1.373603e-06	 8.770473e-16	 3.688857e-07	-4.191019e-06	 1.057684e-05	 4.247081e-04	 3.492828e-07	 5.840858e-06	
-6.758769e-06	 2.729012e-05	-1.520296e-04	-3.184721e-13	-4.191019e-06	 6.211499e-03	-4.395409e-04	-1.718884e-01	-4.784037e-05	-2.527697e-03	
 1.252087e-06	-1.320863e-05	 1.269452e-04	 1.335880e-12	 1.057684e-05	-4.395409e-04	 3.093209e-02	 2.020571e-02	 3.036816e-04	 2.925292e-04	
 3.628584e-04	-2.067257e-03	 7.920235e-03	 7.187255e-12	 4.247081e-04	-1.718884e-01	 2.020571e-02	 5.469116e+00	 1.976754e-03	 8.038661e-02	
 2.189742e-07	-1.377288e-06	 5.360579e-06	 1.433091e-14	 3.492828e-07	-4.784037e-05	 3.036816e-04	 1.976754e-03	 3.791388e-06	 2.905512e-05	
 5.280661e-06	-3.142748e-05	 1.165572e-04	 9.668643e-14	 5.840858e-06	-2.527697e-03	 2.925292e-04	 8.038661e-02	 2.905512e-05	 1.189396e-03	
