#          omega_b,        omega_cdm,              n_s,              A_s,      100*theta_s,         tau_reio,               H0,           z_reio,     Omega_Lambda
 3.802750e-09	-1.978077e-08	 2.080190e-08	-6.933940e-17	 2.972992e-09	-9.018086e-10	 1.140934e-05	-1.255144e-06	 1.406198e-07	
-1.978077e-08	 7.298805e-07	-1.242326e-06	 2.677240e-15	 1.700402e-08	-2.364118e-07	-2.699863e-04	-7.918454e-06	-4.070467e-06	
 2.080190e-08	-1.242326e-06	 7.672659e-06	-4.850159e-15	 1.561052e-07	 1.217331e-06	 5.098082e-04	 9.978411e-05	 7.435132e-06	
-6.933940e-17	 2.677240e-15	-4.850159e-15	 9.870799e-23	 1.411300e-16	 1.929959e-14	-9.598408e-13	 2.021541e-12	-1.468434e-14	
 2.972992e-09	 1.700402e-08	 1.561052e-07	 1.411300e-16	 8.129248e-08	-1.287719e-08	 2.382150e-05	-1.541876e-06	 1.791188e-07	
-9.018086e-10	-2.364118e-07	 1.217331e-06	 1.929959e-14	-1.287719e-08	 5.120628e-06	 7.873825e-05	 5.173719e-04	 1.246924e-06	
 1.140934e-05	-2.699863e-04	 5.098082e-04	-9.598408e-13	 2.382150e-05	 7.873825e-05	 1.136190e-01	 1.184730e-03	 1.624417e-03	
-1.255144e-06	-7.918454e-06	 9.978411e-05	 2.021541e-12	-1.541876e-06	 5.173719e-04	 1.184730e-03	 5.279509e-02	 3.064256e-05	
 1.406198e-07	-4.070467e-06	 7.435132e-06	-1.468434e-14	 1.791188e-07	 1.246924e-06	 1.624417e-03	 3.064256e-05	 2.374184e-05	
