#          omega_b,        omega_cdm,              n_s,              A_s,      100*theta_s,           z_reio,           m_ncdm,               H0,     Omega_Lambda,         tau_reio
 4.573475e-08	-1.297375e-07	 5.820674e-07	 5.425366e-16	 1.000041e-07	-1.095274e-06	-2.695809e-06	 1.905941e-04	 2.315520e-06	 1.182069e-07	
-1.297375e-07	 1.344524e-06	-2.505801e-06	 2.696185e-15	 6.024282e-08	-1.111609e-05	 1.825781e-05	-1.045754e-03	-1.472096e-05	-6.737252e-07	
 5.820674e-07	-2.505801e-06	 2.013447e-05	 1.246963e-14	 1.132255e-06	 8.267483e-05	-5.189362e-05	 3.141057e-03	 4.007991e-05	 2.651189e-06	
 5.425366e-16	 2.696185e-15	 1.246963e-14	 1.097549e-22	 2.505130e-15	 1.525968e-12	 1.098867e-14	 9.316029e-14	-7.326384e-15	 1.556277e-14	
 1.000041e-07	 6.024282e-08	 1.132255e-06	 2.505130e-15	 7.570300e-07	-4.035920e-06	-1.656215e-06	 3.640750e-04	 3.390105e-06	 1.620237e-07	
-1.095274e-06	-1.111609e-05	 8.267483e-05	 1.525968e-12	-4.035920e-06	 3.921619e-02	 4.051507e-04	-9.279938e-03	-9.903831e-05	 3.801852e-04	
-2.695809e-06	 1.825781e-05	-5.189362e-05	 1.098867e-14	-1.656215e-06	 4.051507e-04	 1.241574e-03	-4.232009e-02	-5.620783e-04	-9.692833e-06	
 1.905941e-04	-1.045754e-03	 3.141057e-03	 9.316029e-14	 3.640750e-04	-9.279938e-03	-4.232009e-02	 1.779251e+00	 2.323384e-02	 6.498575e-04	
 2.315520e-06	-1.472096e-05	 4.007991e-05	-7.326384e-15	 3.390105e-06	-9.903831e-05	-5.620783e-04	 2.323384e-02	 3.076897e-04	 8.549896e-06	
 1.182069e-07	-6.737252e-07	 2.651189e-06	 1.556277e-14	 1.620237e-07	 3.801852e-04	-9.692833e-06	 6.498575e-04	 8.549896e-06	 4.106302e-06	
