#          omega_b,        omega_cdm,              n_s,              A_s,      100*theta_s,         tau_reio,           m_ncdm,               H0,           z_reio,     Omega_Lambda
 2.273850e-08	-1.112200e-07	 1.649796e-07	-7.841800e-17	 1.533549e-08	 5.420121e-08	-2.057856e-06	 1.194186e-04	-5.295909e-07	 1.535214e-06	
-1.112200e-07	 1.172943e-06	-2.173180e-06	 2.863600e-15	-6.304262e-08	-5.170264e-07	 1.627989e-05	-9.664514e-04	-1.473015e-05	-1.316538e-05	
 1.649796e-07	-2.173180e-06	 8.996260e-06	-7.531424e-15	 2.336938e-07	 1.321720e-06	-3.680264e-05	 1.970626e-03	 7.310881e-05	 2.683504e-05	
-7.841800e-17	 2.863600e-15	-7.531424e-15	 9.424225e-23	 1.606453e-16	 1.699832e-14	 3.923126e-14	-2.069509e-12	 1.923742e-12	-2.955614e-14	
 1.533549e-08	-6.304262e-08	 2.336938e-07	 1.606453e-16	 9.555108e-08	 4.594698e-08	-1.149216e-06	 9.833417e-05	 1.080874e-06	 1.157973e-06	
 5.420121e-08	-5.170264e-07	 1.321720e-06	 1.699832e-14	 4.594698e-08	 4.618586e-06	-4.533145e-06	 3.657888e-04	 4.864420e-04	 5.001222e-06	
-2.057856e-06	 1.627989e-05	-3.680264e-05	 3.923126e-14	-1.149216e-06	-4.533145e-06	 1.131928e-03	-3.826627e-02	 4.729015e-04	-4.999751e-04	
 1.194186e-04	-9.664514e-04	 1.970626e-03	-2.069509e-12	 9.833417e-05	 3.657888e-04	-3.826627e-02	 1.503568e+00	-7.653922e-03	 1.975880e-02	
-5.295909e-07	-1.473015e-05	 7.310881e-05	 1.923742e-12	 1.080874e-06	 4.864420e-04	 4.729015e-04	-7.653922e-03	 5.326213e-02	-7.814564e-05	
 1.535214e-06	-1.316538e-05	 2.683504e-05	-2.955614e-14	 1.157973e-06	 5.001222e-06	-4.999751e-04	 1.975880e-02	-7.814564e-05	 2.610569e-04	
