#          omega_b,        omega_cdm,              n_s,              A_s,      100*theta_s,         tau_reio,               H0,           z_reio,     Omega_Lambda
 3.240252e-08	-1.373030e-07	 4.175245e-07	 2.365723e-16	 4.415068e-08	 9.699637e-08	 9.202632e-05	-8.594929e-08	 1.103924e-06	
-1.373030e-07	 1.290467e-06	-2.658825e-06	 2.699521e-15	-8.744038e-08	-6.210277e-07	-6.065140e-04	-8.550470e-06	-8.301525e-06	
 4.175245e-07	-2.658825e-06	 1.921128e-05	 9.416159e-15	 5.158923e-07	 2.516454e-06	 1.481825e-03	 1.106611e-04	 1.899659e-05	
 2.365723e-16	 2.699521e-15	 9.416159e-15	 1.216856e-22	 6.818398e-16	 1.871430e-14	-5.133280e-13	 1.863854e-12	-1.137843e-14	
 4.415068e-08	-8.744038e-08	 5.158923e-07	 6.818398e-16	 2.799216e-07	 9.850201e-08	 1.635860e-04	-1.408676e-06	 1.644320e-06	
 9.699637e-08	-6.210277e-07	 2.516454e-06	 1.871430e-14	 9.850201e-08	 4.801932e-06	 3.382504e-04	 4.475685e-04	 4.365628e-06	
 9.202632e-05	-6.065140e-04	 1.481825e-03	-5.133280e-13	 1.635860e-04	 3.382504e-04	 3.504581e-01	 2.463515e-03	 4.458971e-03	
-8.594929e-08	-8.550470e-06	 1.106611e-04	 1.863854e-12	-1.408676e-06	 4.475685e-04	 2.463515e-03	 4.466464e-02	 4.258782e-05	
 1.103924e-06	-8.301525e-06	 1.899659e-05	-1.137843e-14	 1.644320e-06	 4.365628e-06	 4.458971e-03	 4.258782e-05	 5.820585e-05	
