#          omega_b,        omega_cdm,              n_s,              A_s,      100*theta_s,         tau_reio,               H0,           z_reio,     Omega_Lambda
 3.392400e-08	-1.437662e-07	 4.320781e-07	 2.170842e-16	 4.631015e-08	 9.464555e-08	 9.650859e-05	-9.696822e-08	 1.147491e-06	
-1.437662e-07	 1.299972e-06	-2.698170e-06	 2.839374e-15	-1.002523e-07	-5.816165e-07	-6.203112e-04	-6.873065e-06	-8.371092e-06	
 4.320781e-07	-2.698170e-06	 1.956394e-05	 7.958018e-15	 5.576081e-07	 2.262298e-06	 1.524087e-03	 9.268594e-05	 1.929460e-05	
 2.170842e-16	 2.839374e-15	 7.958018e-15	 1.200559e-22	 6.499087e-16	 1.836815e-14	-5.898785e-13	 1.868161e-12	-1.225935e-14	
 4.631015e-08	-1.002523e-07	 5.576081e-07	 6.499087e-16	 2.843408e-07	 9.937076e-08	 1.718059e-04	-1.214937e-06	 1.730939e-06	
 9.464555e-08	-5.816165e-07	 2.262298e-06	 1.836815e-14	 9.937076e-08	 4.728192e-06	 3.227371e-04	 4.514119e-04	 4.107246e-06	
 9.650859e-05	-6.203112e-04	 1.524087e-03	-5.898785e-13	 1.718059e-04	 3.227371e-04	 3.624206e-01	 1.911906e-03	 4.555215e-03	
-9.696822e-08	-6.873065e-06	 9.268594e-05	 1.868161e-12	-1.214937e-06	 4.514119e-04	 1.911906e-03	 4.588790e-02	 3.391724e-05	
 1.147491e-06	-8.371092e-06	 1.929460e-05	-1.225935e-14	 1.730939e-06	 4.107246e-06	 4.555215e-03	 3.391724e-05	 5.869431e-05	
