#          omega_b,        omega_cdm,              n_s,              A_s,      100*theta_s,           z_reio,           m_ncdm,               H0,     Omega_Lambda,         tau_reio
 5.726171e-08	-1.727555e-07	 8.229499e-07	 8.157093e-16	 1.106568e-07	-7.232335e-07	-7.625216e-06	 3.363776e-04	 4.714178e-06	 1.718671e-07	
-1.727555e-07	 1.747819e-06	-3.512227e-06	 3.421786e-15	 7.648931e-08	-7.501880e-06	 2.843618e-05	-1.426333e-03	-2.218331e-05	-8.266363e-07	
 8.229499e-07	-3.512227e-06	 2.772609e-05	 2.061268e-14	 1.208250e-06	 9.784079e-05	-2.114343e-04	 7.573606e-03	 1.109067e-04	 4.081402e-06	
 8.157093e-16	 3.421786e-15	 2.061268e-14	 1.466852e-22	 2.725021e-15	 1.803518e-12	-3.454219e-13	 9.130662e-12	 1.240038e-13	 1.999022e-14	
 1.106568e-07	 7.648931e-08	 1.208250e-06	 2.725021e-15	 8.717530e-07	-1.651051e-06	 2.247892e-06	 3.051341e-04	 2.660309e-06	 1.879270e-07	
-7.232335e-07	-7.501880e-06	 9.784079e-05	 1.803518e-12	-1.651051e-06	 4.519745e-02	-5.777023e-04	 1.565860e-02	 2.504612e-04	 4.380379e-04	
-7.625216e-06	 2.843618e-05	-2.114343e-04	-3.454219e-13	 2.247892e-06	-5.777023e-04	 7.401156e-03	-2.015563e-01	-2.972195e-03	-5.595371e-05	
 3.363776e-04	-1.426333e-03	 7.573606e-03	 9.130662e-12	 3.051341e-04	 1.565860e-02	-2.015563e-01	 5.952599e+00	 8.704425e-02	 1.894981e-03	
 4.714178e-06	-2.218331e-05	 1.109067e-04	 1.240038e-13	 2.660309e-06	 2.504612e-04	-2.972195e-03	 8.704425e-02	 1.286400e-03	 2.779058e-05	
 1.718671e-07	-8.266363e-07	 4.081402e-06	 1.999022e-14	 1.879270e-07	 4.380379e-04	-5.595371e-05	 1.894981e-03	 2.779058e-05	 4.946529e-06	
