#          omega_b,        omega_cdm,              n_s,              A_s,      100*theta_s,           z_reio,           m_ncdm,               H0,     Omega_Lambda,         tau_reio
 6.599151e-08	-1.972311e-07	 9.440869e-07	 9.359760e-16	 1.291202e-07	-8.324178e-07	-8.369357e-06	 3.752044e-04	 5.306507e-06	 1.961085e-07	
-1.972311e-07	 2.026966e-06	-3.999983e-06	 4.113008e-15	 9.425783e-08	-9.207116e-06	 3.028815e-05	-1.574877e-03	-2.482714e-05	-9.459508e-07	
 9.440869e-07	-3.999983e-06	 3.217141e-05	 2.407466e-14	 1.399616e-06	 1.175103e-04	-2.403292e-04	 8.571889e-03	 1.270544e-04	 4.718360e-06	
 9.359760e-16	 4.113008e-15	 2.407466e-14	 1.722368e-22	 3.161150e-15	 2.129155e-12	-3.963623e-13	 1.034564e-11	 1.421108e-13	 2.346825e-14	
 1.291202e-07	 9.425783e-08	 1.399616e-06	 3.161150e-15	 1.020859e-06	-2.585975e-06	 2.972773e-06	 3.471266e-04	 3.002965e-06	 2.107896e-07	
-8.324178e-07	-9.207116e-06	 1.175103e-04	 2.129155e-12	-2.585975e-06	 5.331023e-02	-7.297582e-04	 1.941353e-02	 3.149146e-04	 5.164862e-04	
-8.369357e-06	 3.028815e-05	-2.403292e-04	-3.963623e-13	 2.972773e-06	-7.297582e-04	 8.296174e-03	-2.233873e-01	-3.337561e-03	-6.289407e-05	
 3.752044e-04	-1.574877e-03	 8.571889e-03	 1.034564e-11	 3.471266e-04	 1.941353e-02	-2.233873e-01	 6.555760e+00	 9.702520e-02	 2.124268e-03	
 5.306507e-06	-2.482714e-05	 1.270544e-04	 1.421108e-13	 3.002965e-06	 3.149146e-04	-3.337561e-03	 9.702520e-02	 1.452637e-03	 3.154359e-05	
 1.961085e-07	-9.459508e-07	 4.718360e-06	 2.346825e-14	 2.107896e-07	 5.164862e-04	-6.289407e-05	 2.124268e-03	 3.154359e-05	 5.797435e-06	
