#          omega_b,        omega_cdm,              n_s,              A_s,      100*theta_s,           z_reio,               H0,         tau_reio,     Omega_Lambda
 3.239821e-08	-1.299711e-07	 3.810424e-07	 3.881560e-16	 4.763940e-08	 1.947339e-06	 9.089102e-05	 1.188566e-07	 1.061299e-06	
-1.299711e-07	 1.179624e-06	-2.312006e-06	 1.267943e-15	-8.570877e-08	-3.102883e-05	-5.624631e-04	-8.285061e-07	-7.547941e-06	
 3.810424e-07	-2.312006e-06	 1.918043e-05	 1.108531e-14	 5.628645e-07	 1.570764e-04	 1.348462e-03	 2.893648e-06	 1.674556e-05	
 3.881560e-16	 1.267943e-15	 1.108531e-14	 1.249030e-22	 1.056412e-15	 2.052250e-12	 2.557978e-13	 2.143292e-14	-1.437280e-15	
 4.763940e-08	-8.570877e-08	 5.628645e-07	 1.056412e-15	 3.247996e-07	 3.503013e-06	 1.815903e-04	 1.572309e-07	 1.770864e-06	
 1.947339e-06	-3.102883e-05	 1.570764e-04	 2.052250e-12	 3.503013e-06	 5.119383e-02	 1.397632e-02	 5.275106e-04	 1.914992e-04	
 9.089102e-05	-5.624631e-04	 1.348462e-03	 2.557978e-13	 1.815903e-04	 1.397632e-02	 3.411177e-01	 4.529063e-04	 4.212661e-03	
 1.188566e-07	-8.285061e-07	 2.893648e-06	 2.143292e-14	 1.572309e-07	 5.275106e-04	 4.529063e-04	 5.759104e-06	 5.752932e-06	
 1.061299e-06	-7.547941e-06	 1.674556e-05	-1.437280e-15	 1.770864e-06	 1.914992e-04	 4.212661e-03	 5.752932e-06	 5.351597e-05	
