#          omega_b,        omega_cdm,              n_s,              A_s,      100*theta_s,         tau_reio,           m_ncdm,               H0,           z_reio,     Omega_Lambda
 1.027735e-07	-3.662020e-07	 1.925305e-06	 5.574021e-16	 2.593770e-07	 8.744785e-08	-1.056938e-05	 5.649947e-04	-2.421216e-05	 8.115374e-06	
-3.662020e-07	 5.721207e-06	-1.439316e-05	 1.506240e-14	-1.016313e-06	-8.648483e-07	 1.062495e-04	-5.217083e-03	 1.283167e-04	-8.328103e-05	
 1.925305e-06	-1.439316e-05	 7.331205e-05	-1.014114e-14	 4.097276e-06	 1.256703e-06	-3.469360e-04	 1.660915e-02	-6.772194e-04	 2.520965e-04	
 5.574021e-16	 1.506240e-14	-1.014114e-14	 1.856829e-22	 1.086570e-15	 1.871939e-14	 2.011017e-13	-9.056488e-12	 2.143156e-12	-1.658132e-13	
 2.593770e-07	-1.016313e-06	 4.097276e-06	 1.086570e-15	 2.098943e-06	 3.203530e-07	-2.696751e-05	 1.939220e-03	-5.000159e-05	 2.641730e-05	
 8.744785e-08	-8.648483e-07	 1.256703e-06	 1.871939e-14	 3.203530e-07	 5.412146e-06	-4.816142e-06	 5.816268e-04	 5.259913e-04	 9.257709e-06	
-1.056938e-05	 1.062495e-04	-3.469360e-04	 2.011017e-13	-2.696751e-05	-4.816142e-06	 4.012123e-03	-1.553370e-01	 5.250625e-03	-2.368020e-03	
 5.649947e-04	-5.217083e-03	 1.660915e-02	-9.056488e-12	 1.939220e-03	 5.816268e-04	-1.553370e-01	 6.804327e+00	-2.139612e-01	 1.032141e-01	
-2.421216e-05	 1.283167e-04	-6.772194e-04	 2.143156e-12	-5.000159e-05	 5.259913e-04	 5.250625e-03	-2.139612e-01	 6.425996e-02	-3.175133e-03	
 8.115374e-06	-8.328103e-05	 2.520965e-04	-1.658132e-13	 2.641730e-05	 9.257709e-06	-2.368020e-03	 1.032141e-01	-3.175133e-03	 1.589283e-03	
