#          omega_b,        omega_cdm,              n_s,              A_s,      100*theta_s,         tau_reio,               H0,           z_reio,     Omega_Lambda
 1.913776e-08	-7.992790e-08	 9.691873e-08	 1.349476e-17	 1.297722e-08	 5.038001e-08	 4.987479e-05	 7.964413e-07	 5.934825e-07	
-7.992790e-08	 9.088064e-07	-1.613938e-06	 2.269861e-15	-3.851283e-08	-4.344872e-07	-4.076342e-04	-2.011148e-05	-5.579761e-06	
 9.691873e-08	-1.613938e-06	 7.883751e-06	-6.678793e-15	 2.067370e-07	 1.033265e-06	 7.301195e-04	 7.300523e-05	 1.006020e-05	
 1.349476e-17	 2.269861e-15	-6.678793e-15	 9.381184e-23	 2.030156e-16	 1.738364e-14	-7.274753e-13	 1.918309e-12	-1.172978e-14	
 1.297722e-08	-3.851283e-08	 2.067370e-07	 2.030156e-16	 9.555414e-08	 3.526456e-08	 5.725586e-05	 1.043417e-06	 5.845194e-07	
 5.038001e-08	-4.344872e-07	 1.033265e-06	 1.738364e-14	 3.526456e-08	 4.620936e-06	 2.114750e-04	 4.872934e-04	 2.790804e-06	
 4.987479e-05	-4.076342e-04	 7.301195e-04	-7.274753e-13	 5.725586e-05	 2.114750e-04	 2.087466e-01	 8.224477e-03	 2.710774e-03	
 7.964413e-07	-2.011148e-05	 7.300523e-05	 1.918309e-12	 1.043417e-06	 4.872934e-04	 8.224477e-03	 5.259310e-02	 1.179646e-04	
 5.934825e-07	-5.579761e-06	 1.006020e-05	-1.172978e-14	 5.845194e-07	 2.790804e-06	 2.710774e-03	 1.179646e-04	 3.595870e-05	
