#          omega_b,        omega_cdm,              n_s,              A_s,      100*theta_s,         tau_reio,           m_ncdm,               H0,           z_reio,     Omega_Lambda
 2.562667e-07	-1.693261e-06	 7.558571e-06	-3.728389e-15	 2.273120e-07	 3.276245e-07	-3.913938e-05	 1.725774e-03	-6.848871e-05	 3.038091e-05	
-1.693261e-06	 1.725472e-05	-6.014009e-05	 5.802137e-14	-2.167517e-06	-2.580406e-06	 2.117422e-04	-1.242271e-02	 4.813364e-04	-2.249605e-04	
 7.558571e-06	-6.014009e-05	 2.684519e-04	-1.536983e-13	 6.549280e-06	 1.059410e-05	-1.354589e-03	 5.852040e-02	-2.173325e-03	 1.043539e-03	
-3.728389e-15	 5.802137e-14	-1.536983e-13	 3.685365e-22	-6.930712e-15	 1.635514e-14	 4.927922e-14	-2.463414e-11	 3.497194e-12	-4.698430e-13	
 2.273120e-07	-2.167517e-06	 6.549280e-06	-6.930712e-15	 1.547364e-06	 6.939412e-07	 3.212288e-05	 6.356992e-04	 2.619626e-06	 9.847491e-06	
 3.276245e-07	-2.580406e-06	 1.059410e-05	 1.635514e-14	 6.939412e-07	 5.857101e-06	-2.994507e-05	 2.009648e-03	 4.877988e-04	 3.537705e-05	
-3.913938e-05	 2.117422e-04	-1.354589e-03	 4.927922e-14	 3.212288e-05	-2.994507e-05	 2.230607e-02	-6.021867e-01	 1.913623e-02	-1.066670e-02	
 1.725774e-03	-1.242271e-02	 5.852040e-02	-2.463414e-11	 6.356992e-04	 2.009648e-03	-6.021867e-01	 1.948373e+01	-6.475687e-01	 3.436344e-01	
-6.848871e-05	 4.813364e-04	-2.173325e-03	 3.497194e-12	 2.619626e-06	 4.877988e-04	 1.913623e-02	-6.475687e-01	 8.331210e-02	-1.155333e-02	
 3.038091e-05	-2.249605e-04	 1.043539e-03	-4.698430e-13	 9.847491e-06	 3.537705e-05	-1.066670e-02	 3.436344e-01	-1.155333e-02	 6.167786e-03	
