# ell  TT    EE    TE
2.000000000000000000e+00 1.069640612651438005e+03 3.589852660497604847e-02 2.880267795664977815e+00
3.000000000000000000e+00 5.061604527249047010e+02 2.443508310194940358e-02 1.655814210605942582e+00
4.000000000000000000e+00 2.872584834754116514e+02 1.352668286988200318e-02 9.475891608194321192e-01
5.000000000000000000e+00 1.832054732862156641e+02 6.441083575846415915e-03 5.478746206932444407e-01
6.000000000000000000e+00 1.267426921886311675e+02 2.726403532714759964e-03 3.201875780713491770e-01
7.000000000000000000e+00 9.304077519256740914e+01 1.115812437088950634e-03 1.904677171048145545e-01
8.000000000000000000e+00 7.142964419509281981e+01 5.306170093270918793e-04 1.169421124924961836e-01
9.000000000000000000e+00 5.677569387912961218e+01 3.305883118224526651e-04 7.579029838818140963e-02
1.000000000000000000e+01 4.637767169963349545e+01 2.389803341585338434e-04 5.315328794455938255e-02
1.100000000000000000e+01 3.873832953896038589e+01 1.747758568585285543e-04 4.085743426858654687e-02
1.200000000000000000e+01 3.295569136778937036e+01 1.283831677417164932e-04 3.412659725658086923e-02
1.300000000000000000e+01 2.846328605958415636e+01 1.025545913217021691e-04 3.023527833978131157e-02
1.400000000000000000e+01 2.489275619253891847e+01 8.985312699891142294e-05 2.770448245150275435e-02
1.500000000000000000e+01 2.201366691157024746e+01 8.479853564630839241e-05 2.580206119794142827e-02
1.600000000000000000e+01 1.965619559092127488e+01 8.116314701102934892e-05 2.418963312217012676e-02
1.700000000000000000e+01 1.769282357646575221e+01 7.974493743019338092e-05 2.273057714977221033e-02
1.800000000000000000e+01 1.604014425804002286e+01 8.061171216221277812e-05 2.141383498824753207e-02
1.900000000000000000e+01 1.463735353522476679e+01 8.331813377786038922e-05 2.025283342454529609e-02
2.000000000000000000e+01 1.343176547185018244e+01 8.816785066872380081e-05 1.925486026461296560e-02
2.100000000000000000e+01 1.238904927725653238e+01 9.357802303920081401e-05 1.840221555634062589e-02
2.200000000000000000e+01 1.148079903221827003e+01 1.008287112537595607e-04 1.766823936468491993e-02
2.300000000000000000e+01 1.068395315753410735e+01 1.070399122614915707e-04 1.701541958095923596e-02
2.400000000000000000e+01 9.978651929650386165e+00 1.136320115614074158e-04 1.640602162116781837e-02
2.500000000000000000e+01 9.352498707525377597e+00 1.204298366551603220e-04 1.581227317363441062e-02
2.600000000000000000e+01 8.794903278243712208e+00 1.272151571505285869e-04 1.521187546303217827e-02
2.700000000000000000e+01 8.295038058811289972e+00 1.344251844619195088e-04 1.459446158699265368e-02
2.800000000000000000e+01 7.843069823552107245e+00 1.413483820244050462e-04 1.395565537794842860e-02
2.900000000000000000e+01 7.433380146019802126e+00 1.479431758538505952e-04 1.330311173446004080e-02
3.000000000000000000e+01 7.061404299574212118e+00 1.550659909925710376e-04 1.264749332160721926e-02
3.100000000000000000e+01 6.722718690518447282e+00 1.621196243637650189e-04 1.199833033362980930e-02
3.200000000000000000e+01 6.413464256968874011e+00 1.692837753541266861e-04 1.136062308127081324e-02
3.300000000000000000e+01 6.129923069964666738e+00 1.764179193855699827e-04 1.073823940441712664e-02
3.400000000000000000e+01 5.868693470837180293e+00 1.836555907157455406e-04 1.013352160209369558e-02
3.500000000000000000e+01 5.627638881980947971e+00 1.912987009366571699e-04 9.542709809852006550e-03
3.600000000000000000e+01 5.404938996069374113e+00 1.985735635305007306e-04 8.960518622389153018e-03
3.700000000000000000e+01 5.198812866272127131e+00 2.059569920743249032e-04 8.382447800487607958e-03
3.800000000000000000e+01 5.007636987816592722e+00 2.131630506657048319e-04 7.807137769311522056e-03
3.900000000000000000e+01 4.829827216424027903e+00 2.201818447454323348e-04 7.234014120114104843e-03
4.000000000000000000e+01 4.663799407821854537e+00 2.270748166758532606e-04 6.662502444153555782e-03
4.100000000000000000e+01 4.508134326828420413e+00 2.339994937118681075e-04 6.092644251086413304e-03
4.200000000000000000e+01 4.362072374604300862e+00 2.409942113389671771e-04 5.526944724171102205e-03
4.300000000000000000e+01 4.225018861407853876e+00 2.477057604177546166e-04 4.968524965071093556e-03
4.400000000000000000e+01 4.096379097488602739e+00 2.547879177549963194e-04 4.420506075448975454e-03
4.500000000000000000e+01 3.975556181511512133e+00 2.615815060267558589e-04 3.885178311050747641e-03
4.600000000000000000e+01 3.861944365772553400e+00 2.685856914256153343e-04 3.361508543932017513e-03
4.700000000000000000e+01 3.754935690980106155e+00 2.751007089244634227e-04 2.847632800237761153e-03
4.800000000000000000e+01 3.653922197837519814e+00 2.817623567736996307e-04 2.341687106107594781e-03
4.900000000000000000e+01 3.558295927053883201e+00 2.884715146801715251e-04 1.841807487685211435e-03
5.000000000000000000e+01 3.467512632565652453e+00 2.953483282166432817e-04 1.346574507684832013e-03
5.100000000000000000e+01 3.381282921242154682e+00 3.019321127044694909e-04 8.563468751174047738e-04
5.200000000000000000e+01 3.299381113187243475e+00 3.086269816516840352e-04 3.719278355672142470e-04
5.300000000000000000e+01 3.221581528501944902e+00 3.152796176097325768e-04 -1.058793653808070927e-04
5.400000000000000000e+01 3.147658487290918128e+00 3.219133788118111895e-04 -5.762714821422788456e-04
5.500000000000000000e+01 3.077387141908142443e+00 3.282591821605983619e-04 -1.038647069156646303e-03
5.600000000000000000e+01 3.010545973730756941e+00 3.348093659291327922e-04 -1.493211880961339616e-03
5.700000000000000000e+01 2.946914296391938137e+00 3.411341427695103968e-04 -1.940373472116529692e-03
5.800000000000000000e+01 2.886271423520747170e+00 3.474018107427862228e-04 -2.380539397183391304e-03
5.900000000000000000e+01 2.828396668749627807e+00 3.536623729403373878e-04 -2.814117210723078837e-03
6.000000000000000000e+01 2.773069345708992550e+00 3.597535916678541246e-04 -3.241514467297679745e-03
6.100000000000000000e+01 2.720088495922631910e+00 3.658001149518799928e-04 -3.663001625470960979e-03
6.200000000000000000e+01 2.669332072485907759e+00 3.717204944780382395e-04 -4.078300759823377808e-03
6.300000000000000000e+01 2.620697756389142263e+00 3.775159126639527469e-04 -4.486996848938107352e-03
6.400000000000000000e+01 2.574083228619234109e+00 3.832540577372411765e-04 -4.888674871397958969e-03
6.500000000000000000e+01 2.529386170164475978e+00 3.887132764516344828e-04 -5.282919805787765141e-03
6.600000000000000000e+01 2.486504262013257804e+00 3.940157900260862181e-04 -5.669316630690008664e-03
6.700000000000000000e+01 2.445335185155035340e+00 3.993618136035271475e-04 -6.047450324688377968e-03
6.800000000000000000e+01 2.405781941613851060e+00 4.044879098129683230e-04 -6.417012929339464475e-03
6.900000000000000000e+01 2.367768817562980299e+00 4.094050591526776032e-04 -6.778124738090007470e-03
7.000000000000000000e+01 2.331225420209888100e+00 4.140959848919143469e-04 -7.131013107362554893e-03
7.100000000000000000e+01 2.296081356762931236e+00 4.187939691497962629e-04 -7.475905393576005691e-03
7.200000000000000000e+01 2.262266234432061207e+00 4.232474155007417450e-04 -7.813028953152481929e-03
7.300000000000000000e+01 2.229709660424227025e+00 4.275043036660750788e-04 -8.142611142511035210e-03
7.400000000000000000e+01 2.198341241949593794e+00 4.316019260072543186e-04 -8.464879318076608261e-03
7.500000000000000000e+01 2.168090586215331683e+00 4.355171328777501013e-04 -8.780060836263058055e-03
7.600000000000000000e+01 2.138892267472004782e+00 4.393469005495118790e-04 -9.088319415597198234e-03
7.700000000000000000e+01 2.110700728130653570e+00 4.430162809570533191e-04 -9.389564223045274508e-03
7.800000000000000000e+01 2.083475377643044357e+00 4.464700211139867249e-04 -9.683640787666132274e-03
7.900000000000000000e+01 2.057175625462818402e+00 4.498185789432483715e-04 -9.970394638526841255e-03
8.000000000000000000e+01 2.031760881040417299e+00 4.529225141288448827e-04 -1.024967130468621215e-02
8.100000000000000000e+01 2.007190553829988566e+00 4.558747714249980379e-04 -1.052131631521586140e-02
8.200000000000000000e+01 1.983424053282270672e+00 4.586147931781044519e-04 -1.078517519917706821e-02
8.300000000000000000e+01 1.960420788849867701e+00 4.612132165222326829e-04 -1.104109348563439563e-02
8.400000000000000000e+01 1.938142530931932672e+00 4.637296752108891720e-04 -1.128895471428511751e-02
8.500000000000000000e+01 1.916560493710179447e+00 4.660040149170425962e-04 -1.152879446736041619e-02
8.600000000000000000e+01 1.895648252314013460e+00 4.680005690866568049e-04 -1.176068633771153345e-02
8.700000000000000000e+01 1.875379381872225304e+00 4.699072362209443204e-04 -1.198470391820729945e-02
8.800000000000000000e+01 1.855727457512690304e+00 4.716257769598812912e-04 -1.220092080170211493e-02
8.900000000000000000e+01 1.836666054365022616e+00 4.731708364528136135e-04 -1.240941058105476946e-02
9.000000000000000000e+01 1.818168747557189269e+00 4.746128071768357490e-04 -1.261024684913341840e-02
9.100000000000000000e+01 1.800209112219240515e+00 4.758003048548896689e-04 -1.280350319879760071e-02
9.200000000000000000e+01 1.782760723478390430e+00 4.767849568992205676e-04 -1.298925322289891209e-02
9.300000000000000000e+01 1.765798730336551214e+00 4.776244255476799457e-04 -1.316756260951744070e-02
9.400000000000000000e+01 1.749304577279592987e+00 4.783469546175043389e-04 -1.333846542762207391e-02
9.500000000000000000e+01 1.733261282666822778e+00 4.788912573104569647e-04 -1.350198784137906713e-02
9.600000000000000000e+01 1.717651864856990285e+00 4.792154833273672902e-04 -1.365815601496781287e-02
9.700000000000000000e+01 1.702459342208096027e+00 4.793844392655121104e-04 -1.380699611256706871e-02
9.800000000000000000e+01 1.687666733079631110e+00 4.794337098629540377e-04 -1.394853429835732871e-02
9.900000000000000000e+01 1.673257055830306594e+00 4.792636112618828075e-04 -1.408279673650868896e-02
1.000000000000000000e+02 1.659213328818359923e+00 4.789703166338417622e-04 -1.420980959120717729e-02
1.010000000000000000e+02 1.645518570402732195e+00 4.784605282966363600e-04 -1.432959902661908209e-02
1.020000000000000000e+02 1.632155798942333202e+00 4.778118149527911464e-04 -1.444219120693049363e-02
1.030000000000000000e+02 1.619108032795825824e+00 4.769816345334923924e-04 -1.454761229631261303e-02
1.040000000000000000e+02 1.606359465633188544e+00 4.760314093671211169e-04 -1.464589428400395188e-02
1.050000000000000000e+02 1.593898992368516065e+00 4.748650275970722930e-04 -1.473709245946913313e-02
1.060000000000000000e+02 1.581716683227379239e+00 4.735755034823655590e-04 -1.482126793723006000e-02
1.070000000000000000e+02 1.569802608435716174e+00 4.721453053586293735e-04 -1.489848183181344786e-02
1.080000000000000000e+02 1.558146838218517072e+00 4.705351505135792547e-04 -1.496879525773454553e-02
1.090000000000000000e+02 1.546739442801764897e+00 4.688086089730115862e-04 -1.503226932952155676e-02
1.100000000000000000e+02 1.535570492411111765e+00 4.669269093462879885e-04 -1.508896516169543067e-02
1.110000000000000000e+02 1.524630057271819883e+00 4.648781212100170160e-04 -1.513894386878178455e-02
1.120000000000000000e+02 1.513908207609447443e+00 4.626897030599831846e-04 -1.518226656529945810e-02
1.130000000000000000e+02 1.503395013650101530e+00 4.603715253909077009e-04 -1.521899436577202162e-02
1.140000000000000000e+02 1.493080545618526100e+00 4.579071547084429612e-04 -1.524918838472739263e-02
1.150000000000000000e+02 1.482954873741288093e+00 4.552976633376755477e-04 -1.527290973668349837e-02
1.160000000000000000e+02 1.473008664273006696e+00 4.526095546787955461e-04 -1.529022150753872426e-02
1.170000000000000000e+02 1.463234967586107160e+00 4.497367621242234900e-04 -1.530119466869420478e-02
1.180000000000000000e+02 1.453627430083243244e+00 4.467419233448610845e-04 -1.530590216293462903e-02
1.190000000000000000e+02 1.444179698166234038e+00 4.436086561462312733e-04 -1.530441693303165318e-02
1.200000000000000000e+02 1.434885418237613619e+00 4.403680795356499397e-04 -1.529681192176595220e-02
1.210000000000000000e+02 1.425738236699184203e+00 4.370332970503111895e-04 -1.528316007191546193e-02
1.220000000000000000e+02 1.416731799953505844e+00 4.335671478779734209e-04 -1.526353432625723698e-02
1.230000000000000000e+02 1.407859754402800201e+00 4.299612025177725972e-04 -1.523800762757217785e-02
1.240000000000000000e+02 1.399115746449157927e+00 4.263031580024422397e-04 -1.520665291863423051e-02
1.250000000000000000e+02 1.390493422495025833e+00 4.224901591173646585e-04 -1.516954314222433882e-02
1.260000000000000000e+02 1.381986428942190370e+00 4.185739982978437966e-04 -1.512675124111977597e-02
1.270000000000000000e+02 1.373588412193149200e+00 4.145308771631303017e-04 -1.507835015809588959e-02
1.280000000000000000e+02 1.365293018650381995e+00 4.104531896381243450e-04 -1.502441283593621522e-02
1.290000000000000000e+02 1.357094352271588145e+00 4.062691400136856593e-04 -1.496501459847394445e-02
1.300000000000000000e+02 1.348988347236932839e+00 4.019641032756741885e-04 -1.490024029377378170e-02
1.310000000000000000e+02 1.340971395281705503e+00 3.975900687752117286e-04 -1.483017715096041599e-02
1.320000000000000000e+02 1.333039888142266927e+00 3.931553341722597550e-04 -1.475491239915840622e-02
1.330000000000000000e+02 1.325190217553526395e+00 3.886365511182624465e-04 -1.467453326748885054e-02
1.340000000000000000e+02 1.317418775251800733e+00 3.840072558828060037e-04 -1.458912698507668255e-02
1.350000000000000000e+02 1.309721952972592307e+00 3.793207896213137494e-04 -1.449878078104458422e-02
1.360000000000000000e+02 1.302096142451567129e+00 3.746028373710587529e-04 -1.440358188451748914e-02
1.370000000000000000e+02 1.294537735424214020e+00 3.697578646600994511e-04 -1.430361752461925887e-02
1.380000000000000000e+02 1.287043123626990360e+00 3.648949519232909454e-04 -1.419897493047209483e-02
1.390000000000000000e+02 1.279608698794778787e+00 3.599887412719860098e-04 -1.408974133120078319e-02
1.400000000000000000e+02 1.272230852663990275e+00 3.549884312528063437e-04 -1.397600395592714199e-02
1.410000000000000000e+02 1.264905976970282397e+00 3.499586292386590476e-04 -1.385785003377657150e-02
1.420000000000000000e+02 1.257630463449225022e+00 3.448849739933861069e-04 -1.373536679387258111e-02
1.430000000000000000e+02 1.250400703836908933e+00 3.397884287708570830e-04 -1.360864146533628631e-02
1.440000000000000000e+02 1.243213381852958044e+00 3.346354253458347903e-04 -1.347776234466969633e-02
1.450000000000000000e+02 1.236066349154313571e+00 3.294808997655000044e-04 -1.334282199787735837e-02
1.460000000000000000e+02 1.228957749382172837e+00 3.242592408718869166e-04 -1.320391405833562341e-02
1.470000000000000000e+02 1.221885726177107667e+00 3.190464983648656186e-04 -1.306113215942821502e-02
1.480000000000000000e+02 1.214848423180295622e+00 3.137706539152618906e-04 -1.291456993453400648e-02
1.490000000000000000e+02 1.207843984032778373e+00 3.085203608923312718e-04 -1.276432101703245565e-02
1.500000000000000000e+02 1.200870552375601141e+00 3.032338858689064172e-04 -1.261047904030246705e-02
1.510000000000000000e+02 1.193926271849535370e+00 2.979358249734295077e-04 -1.245313763772536685e-02
1.520000000000000000e+02 1.187009286095623617e+00 2.927058326803988453e-04 -1.229239044267966402e-02
1.530000000000000000e+02 1.180117738755091628e+00 2.873879463916299446e-04 -1.212833108854807079e-02
1.540000000000000000e+02 1.173249773469068558e+00 2.821267531500799017e-04 -1.196105320870637784e-02
1.550000000000000000e+02 1.166403533878329624e+00 2.767909492490769232e-04 -1.179065043653832433e-02
1.560000000000000000e+02 1.159577163624393004e+00 2.715586635653023466e-04 -1.161721640542259099e-02
1.570000000000000000e+02 1.152768806347898467e+00 2.663141043301363526e-04 -1.144084474873963836e-02
1.580000000000000000e+02 1.145976605690081085e+00 2.610771307303919194e-04 -1.126162909986686521e-02
1.590000000000000000e+02 1.139198705292300495e+00 2.558694799344562033e-04 -1.107966309218697681e-02
1.600000000000000000e+02 1.132433248795423841e+00 2.507019003116259617e-04 -1.089504035907762000e-02
1.610000000000000000e+02 1.125678578759912174e+00 2.455974688424554866e-04 -1.070785427020483696e-02
1.620000000000000000e+02 1.118933833422042223e+00 2.404980933492027306e-04 -1.051819714035670192e-02
1.630000000000000000e+02 1.112198349937312924e+00 2.354165412310037914e-04 -1.032616102061125959e-02
1.640000000000000000e+02 1.105471465461369762e+00 2.304267505207142268e-04 -1.013183796204398211e-02
1.650000000000000000e+02 1.098752517149882424e+00 2.254527999613120182e-04 -9.935320015730442211e-03
1.660000000000000000e+02 1.092040842158099379e+00 2.205464249099376242e-04 -9.736699232743766669e-03
1.670000000000000000e+02 1.085335777641925015e+00 2.157080137060006107e-04 -9.536067664160582935e-03
1.680000000000000000e+02 1.078636660756626897e+00 2.108800686310579903e-04 -9.333517361056666711e-03
1.690000000000000000e+02 1.071942828658224434e+00 2.061728441690775944e-04 -9.129140374506168262e-03
1.700000000000000000e+02 1.065253618502060018e+00 2.014794166306646875e-04 -8.923028755585678609e-03
1.710000000000000000e+02 1.058568367443841529e+00 1.968874177442390765e-04 -8.715274555368530962e-03
1.720000000000000000e+02 1.051886412639208235e+00 1.923348541564417081e-04 -8.505969824933581891e-03
1.730000000000000000e+02 1.045207091244095832e+00 1.879018590443044974e-04 -8.295206615351689156e-03
1.740000000000000000e+02 1.038529740413856928e+00 1.835017966203419612e-04 -8.083076977702243621e-03
1.750000000000000000e+02 1.031853697304401907e+00 1.792387299794087011e-04 -7.869672963056748363e-03
1.760000000000000000e+02 1.025178299071625609e+00 1.750394724656771932e-04 -7.655086622493477953e-03
1.770000000000000000e+02 1.018502882870864434e+00 1.709388991686431431e-04 -7.439410007085962492e-03
1.780000000000000000e+02 1.011826785858295885e+00 1.669301544306579885e-04 -7.222735167911288265e-03
1.790000000000000000e+02 1.005149345189496835e+00 1.630129342941208056e-04 -7.005154156043365277e-03
1.800000000000000000e+02 9.984700237020017743e-01 1.592079502786297068e-04 -6.786757078012499271e-03
1.810000000000000000e+02 9.917887869593889905e-01 1.554940973791220989e-04 -6.567626262170314123e-03
1.820000000000000000e+02 9.851057262068081410e-01 1.518804919140094882e-04 -6.347842092322202208e-03
1.830000000000000000e+02 9.784209326896331493e-01 1.484044550850280493e-04 -6.127484952276691411e-03
1.840000000000000000e+02 9.717344976530404299e-01 1.450217544591473977e-04 -5.906635225838398687e-03
1.850000000000000000e+02 9.650465123424296632e-01 1.417304628743787051e-04 -5.685373296813660965e-03
1.860000000000000000e+02 9.583570680030133460e-01 1.385731329623310490e-04 -5.463779549009083192e-03
1.870000000000000000e+02 9.516662558802286842e-01 1.355590432735879407e-04 -5.241934366230179172e-03
1.880000000000000000e+02 9.449741672194647002e-01 1.326363647210668467e-04 -5.019918132285362301e-03
1.890000000000000000e+02 9.382808932658101009e-01 1.298469749610311281e-04 -4.797811230979278155e-03
1.900000000000000000e+02 9.315865252649706552e-01 1.271760940412360106e-04 -4.575694046118129223e-03
1.910000000000000000e+02 9.248911544623508174e-01 1.246468722159337138e-04 -4.353646961508312284e-03
1.920000000000000000e+02 9.181948721031981675e-01 1.222195447973331041e-04 -4.131750360957652662e-03
1.930000000000000000e+02 9.114977694332374591e-01 1.199634232074455858e-04 -3.910084628270334497e-03
1.940000000000000000e+02 9.047999376977873265e-01 1.177830458104996744e-04 -3.688730147254471944e-03
1.950000000000000000e+02 8.981014681422704315e-01 1.158037616432727995e-04 -3.467767301714569633e-03
1.960000000000000000e+02 8.914024520124554929e-01 1.139479008250475841e-04 -3.247276475458952052e-03
1.970000000000000000e+02 8.847029805538433322e-01 1.122257102718642361e-04 -3.027338052292368430e-03
1.980000000000000000e+02 8.780031450119211156e-01 1.106260167731381027e-04 -2.808032416020909364e-03
1.990000000000000000e+02 8.713030366324007181e-01 1.091948961338628469e-04 -2.589439950451917494e-03
2.000000000000000000e+02 8.646027466609780276e-01 1.078958487720204913e-04 -2.371641039391597910e-03
2.010000000000000000e+02 8.579024326666195854e-01 1.067729975170496879e-04 -2.154712518314921398e-03
2.020000000000000000e+02 8.512025175123535403e-01 1.057733744652768800e-04 -1.938717029369757452e-03
2.030000000000000000e+02 8.445034903847050689e-01 1.049264798094612779e-04 -1.723713666374472511e-03
2.040000000000000000e+02 8.378058404702261042e-01 1.042562822488827260e-04 -1.509761523146131322e-03
2.050000000000000000e+02 8.311100569554764617e-01 1.037201509758601398e-04 -1.296919693501547965e-03
2.060000000000000000e+02 8.244166290268931663e-01 1.033334767120911563e-04 -1.085247271257842264e-03
2.070000000000000000e+02 8.177260458712124480e-01 1.031096706644448830e-04 -8.748033502333942132e-04
2.080000000000000000e+02 8.110387966749003086e-01 1.030435313381256610e-04 -6.656470242449873164e-04
2.090000000000000000e+02 8.043553706248903756e-01 1.031081361983344737e-04 -4.578373871100070280e-04
2.100000000000000000e+02 7.976762569075954712e-01 1.033632729902245483e-04 -2.514335326457745631e-04
2.110000000000000000e+02 7.910019447098550760e-01 1.037585624418679056e-04 -4.649455466970210150e-05
2.120000000000000000e+02 7.843329232182750799e-01 1.043047075411866059e-04 1.569204530009751190e-04
2.130000000000000000e+02 7.776696816198375162e-01 1.049955842055401385e-04 3.587523965487856127e-04
2.140000000000000000e+02 7.710127091012556333e-01 1.058497699388803070e-04 5.589421821566458760e-04
2.150000000000000000e+02 7.643624948492715454e-01 1.068687872856050291e-04 7.574307160068927906e-04
2.160000000000000000e+02 7.577195280509360087e-01 1.080557537306654683e-04 9.541589042824595492e-04
2.170000000000000000e+02 7.510842978929866964e-01 1.093931884502091740e-04 1.149067653165570385e-03
2.180000000000000000e+02 7.444572935623331444e-01 1.108729551090730534e-04 1.342097868840320864e-03
2.190000000000000000e+02 7.378390042461308029e-01 1.125354412942584654e-04 1.533190457487460055e-03
2.200000000000000000e+02 7.312299191311772972e-01 1.143389886703487571e-04 1.722286325290213341e-03
2.210000000000000000e+02 7.246305274045777844e-01 1.163055445989343679e-04 1.909326378431699424e-03
2.220000000000000000e+02 7.180413182534337579e-01 1.184446337321244148e-04 2.094251523094093313e-03
2.230000000000000000e+02 7.114627808648267271e-01 1.207197388591837225e-04 2.277002665460632971e-03
2.240000000000000000e+02 7.048954217257260568e-01 1.231824390793897909e-04 2.457525598133614587e-03
2.250000000000000000e+02 6.983398165228663634e-01 1.258019951881063857e-04 2.635785659394299010e-03
2.260000000000000000e+02 6.917965582426410798e-01 1.285579953695870287e-04 2.811753073942102176e-03
2.270000000000000000e+02 6.852662398717676018e-01 1.314963983583313097e-04 2.985398066479542142e-03
2.280000000000000000e+02 6.787494543969190275e-01 1.345950415173033973e-04 3.156690861705778971e-03
2.290000000000000000e+02 6.722467948045532937e-01 1.378094601376282169e-04 3.325601684322890099e-03
2.300000000000000000e+02 6.657588540816296030e-01 1.411941373256995894e-04 3.492100759030401184e-03
2.310000000000000000e+02 6.592862252147203561e-01 1.447495663510289874e-04 3.656158310529682761e-03
2.320000000000000000e+02 6.528295011906366518e-01 1.484169183260785208e-04 3.817744563522074575e-03
2.330000000000000000e+02 6.463892749961643869e-01 1.522662710022871754e-04 3.976829742707956201e-03
2.340000000000000000e+02 6.399661396183258244e-01 1.562487165135852520e-04 4.133384072786727530e-03
2.350000000000000000e+02 6.335606880438683364e-01 1.603537996547930262e-04 4.287377778460985112e-03
2.360000000000000000e+02 6.271735132598635909e-01 1.646170007501041748e-04 4.438781084431314521e-03
2.370000000000000000e+02 6.208052082532033999e-01 1.690261619686368169e-04 4.587564215397133861e-03
2.380000000000000000e+02 6.144563660109384484e-01 1.735875731879401218e-04 4.733697396060782513e-03
2.390000000000000000e+02 6.081275795201142031e-01 1.782576934728622483e-04 4.877150851121635211e-03
2.400000000000000000e+02 6.018194417680167163e-01 1.830972310112826253e-04 5.017894805281000042e-03
2.410000000000000000e+02 5.955325457416079660e-01 1.880322050050546308e-04 5.155899483239577072e-03
2.420000000000000000e+02 5.892674844282569380e-01 1.931211639535567414e-04 5.291135109699006585e-03
2.430000000000000000e+02 5.830248508150984721e-01 1.983269171497702176e-04 5.423571909358613878e-03
2.440000000000000000e+02 5.768052378895143217e-01 2.037004992577387931e-04 5.553180106920127708e-03
2.450000000000000000e+02 5.706092386388197379e-01 2.091875260597524013e-04 5.679929927083647925e-03
2.460000000000000000e+02 5.644374460504228974e-01 2.147597409729886362e-04 5.803791594549957862e-03
2.470000000000000000e+02 5.582904531118256797e-01 2.205046603251818510e-04 5.924735334020427187e-03
2.480000000000000000e+02 5.521688528104741200e-01 2.263470491644001238e-04 6.042731370195423765e-03
2.490000000000000000e+02 5.460732381339892250e-01 2.323205749254879664e-04 6.157749927775784705e-03
2.500000000000000000e+02 5.400041814156946174e-01 2.384153531653294055e-04 6.269766610009899765e-03
2.510000000000000000e+02 5.339621723723820823e-01 2.446315646111395627e-04 6.378778534339052050e-03
2.520000000000000000e+02 5.279476800667148861e-01 2.509439607974038762e-04 6.484788196750647035e-03
2.530000000000000000e+02 5.219611735614327896e-01 2.573931783664061925e-04 6.587798093234535288e-03
2.540000000000000000e+02 5.160031219191394403e-01 2.639504012466683701e-04 6.687810719777470027e-03
2.550000000000000000e+02 5.100739942026715212e-01 2.705928522635459780e-04 6.784828572369270595e-03
2.560000000000000000e+02 5.041742594749548667e-01 2.773456853690572650e-04 6.878854146997350275e-03
2.570000000000000000e+02 4.983043867987959064e-01 2.841902196323746531e-04 6.969889939651348863e-03
2.580000000000000000e+02 4.924648452372430429e-01 2.911438361143405787e-04 7.057938446320578298e-03
2.590000000000000000e+02 4.866561038532363215e-01 2.981745502739902281e-04 7.143002162991556742e-03
2.600000000000000000e+02 4.808786317099632557e-01 3.053086346032959767e-04 7.225083585649136157e-03
2.610000000000000000e+02 4.751328978705136596e-01 3.125212815279025647e-04 7.304185210292554568e-03
2.620000000000000000e+02 4.694193713980944760e-01 3.198075286576199821e-04 7.380309532894567710e-03
2.630000000000000000e+02 4.637385213559635511e-01 3.271942112550181971e-04 7.453459049463245084e-03
2.640000000000000000e+02 4.580908168074356857e-01 3.346569651513300208e-04 7.523636255967558993e-03
2.650000000000000000e+02 4.524767268160186928e-01 3.421790741616903163e-04 7.590843648411988928e-03
2.660000000000000000e+02 4.468967204450189912e-01 3.497806210314658923e-04 7.655083722769766806e-03
2.670000000000000000e+02 4.413512667581431792e-01 3.574348743381098952e-04 7.716358975043041517e-03
2.680000000000000000e+02 4.358408348187771120e-01 3.651863630103430679e-04 7.774671901216784718e-03
2.690000000000000000e+02 4.303658936907767130e-01 3.729681517860684663e-04 7.830024997272562806e-03
2.700000000000000000e+02 4.249269124377548223e-01 3.808057835719512582e-04 7.882420759208086380e-03
2.710000000000000000e+02 4.195243601236041675e-01 3.887040289762018334e-04 7.931861683005247965e-03
2.720000000000000000e+02 4.141587058121166121e-01 3.966821344484212355e-04 7.978350264649842344e-03
2.730000000000000000e+02 4.088304185673060642e-01 4.046906225023468463e-04 8.021889000144178869e-03
2.740000000000000000e+02 4.035399674532206826e-01 4.127467418913216730e-04 8.062480385463411531e-03
2.750000000000000000e+02 3.982878215338268024e-01 4.208442967743624883e-04 8.100126916599833388e-03
2.760000000000000000e+02 3.930744498734448644e-01 4.289612792618353919e-04 8.134831089538123797e-03
2.770000000000000000e+02 3.879003215361996326e-01 4.371594164581810442e-04 8.166595400280139347e-03
2.780000000000000000e+02 3.827659055865745841e-01 4.453469862801722259e-04 8.195422344796424868e-03
2.790000000000000000e+02 3.776716229636354338e-01 4.535878942597859923e-04 8.221318986478235932e-03
2.800000000000000000e+02 3.726177021059488004e-01 4.618393453416563344e-04 8.244310658248057977e-03
2.810000000000000000e+02 3.676043233269242760e-01 4.701219930832803168e-04 8.264427260417588073e-03
2.820000000000000000e+02 3.626316669399216042e-01 4.784322975382807866e-04 8.281698693304978195e-03
2.830000000000000000e+02 3.576999132586849428e-01 4.867364290584459273e-04 8.296154857227358570e-03
2.840000000000000000e+02 3.528092425966630752e-01 4.950684994388242655e-04 8.307825652499434277e-03
2.850000000000000000e+02 3.479598352676748219e-01 5.034296111873413047e-04 8.316740979437868900e-03
2.860000000000000000e+02 3.431518715855808588e-01 5.117605155349862212e-04 8.322930738354116648e-03
2.870000000000000000e+02 3.383855318641943444e-01 5.201035654626200372e-04 8.326424829570138950e-03
2.880000000000000000e+02 3.336609964175326626e-01 5.284397685329911666e-04 8.327253153399820362e-03
2.890000000000000000e+02 3.289784455597228874e-01 5.368149735029186182e-04 8.325445610153432013e-03
2.900000000000000000e+02 3.243380596049144082e-01 5.451347135875200898e-04 8.321032100152961353e-03
2.910000000000000000e+02 3.197400188674661137e-01 5.534590957520105561e-04 8.314042523713878474e-03
2.920000000000000000e+02 3.151845036616385265e-01 5.617695549208112822e-04 8.304506781143989463e-03
2.930000000000000000e+02 3.106716943019999233e-01 5.700564605783182059e-04 8.292454772769450311e-03
2.940000000000000000e+02 3.062017711030646794e-01 5.783111572419757061e-04 8.277916398900499184e-03
2.950000000000000000e+02 3.017749143795873668e-01 5.865638979946903413e-04 8.260921559852066678e-03
2.960000000000000000e+02 2.973913044463131206e-01 5.947711997524379127e-04 8.241500155942273545e-03
2.970000000000000000e+02 2.930511216181615475e-01 6.029272674664633205e-04 8.219682087485752006e-03
2.980000000000000000e+02 2.887545462100356564e-01 6.110739243703804330e-04 8.195497254797689396e-03
2.990000000000000000e+02 2.845017585371585889e-01 6.191932685646585549e-04 8.168975558192520178e-03
3.000000000000000000e+02 2.802929389146747718e-01 6.272570149426033494e-04 8.140146897992996816e-03
3.010000000000000000e+02 2.761282676579845941e-01 6.352591309104942477e-04 8.109041174502961552e-03
3.020000000000000000e+02 2.720079250824031791e-01 6.432192121427174510e-04 8.075688288047510460e-03
3.030000000000000000e+02 2.679320915036438877e-01 6.511328576545398483e-04 8.040118138940633916e-03
3.040000000000000000e+02 2.639009472372751408e-01 6.589755346112806042e-04 8.002360627494381137e-03
3.050000000000000000e+02 2.599146725991501872e-01 6.667515519180604484e-04 7.962445654022693928e-03
3.060000000000000000e+02 2.559734479051234968e-01 6.744832859536545539e-04 7.920403118850038657e-03
3.070000000000000000e+02 2.520774534713219328e-01 6.821442657776873811e-04 7.876262922285152956e-03
3.080000000000000000e+02 2.482268696138653641e-01 6.897240225652025939e-04 7.830054964644863474e-03
3.090000000000000000e+02 2.444218766490375283e-01 6.972448607626926436e-04 7.781809146247725510e-03
3.100000000000000000e+02 2.406626548933044341e-01 7.046840101621188856e-04 7.731555367407933269e-03
3.110000000000000000e+02 2.369493846631406941e-01 7.120212953514996239e-04 7.679323528439067729e-03
3.120000000000000000e+02 2.332821902092107880e-01 7.192902575910003213e-04 7.625145592326925195e-03
3.130000000000000000e+02 2.296609715175172428e-01 7.264576007131787585e-04 7.569061772745173597e-03
3.140000000000000000e+02 2.260855725082390466e-01 7.335757717096524346e-04 7.511114346037971005e-03
3.150000000000000000e+02 2.225558371016358172e-01 7.405564593123483167e-04 7.451345588541008307e-03
3.160000000000000000e+02 2.190716092180903241e-01 7.474674289532128252e-04 7.389797776602417823e-03
3.170000000000000000e+02 2.156327327781055736e-01 7.542669781540908922e-04 7.326513186565857157e-03
3.180000000000000000e+02 2.122390517023930723e-01 7.610091377298634210e-04 7.261534094763416776e-03
3.190000000000000000e+02 2.088904099117747659e-01 7.675977666111958187e-04 7.194902777545380927e-03
3.200000000000000000e+02 2.055866513272713025e-01 7.741248528290717431e-04 7.126661511254362043e-03
3.210000000000000000e+02 2.023276198700058037e-01 7.805426844400092891e-04 7.056852572227468277e-03
3.220000000000000000e+02 1.991131594612914335e-01 7.868125900387956152e-04 6.985518236807382320e-03
3.230000000000000000e+02 1.959431140225816048e-01 7.930361610651123121e-04 6.912700781339646550e-03
3.240000000000000000e+02 1.928173274755109468e-01 7.991138580230053518e-04 6.838442482165616593e-03
3.250000000000000000e+02 1.897356437418030450e-01 8.051066134714091830e-04 6.762785615624480537e-03
3.260000000000000000e+02 1.866979067434876571e-01 8.109182789595147664e-04 6.685772458059588939e-03
3.270000000000000000e+02 1.837039604026321771e-01 8.166668383802880076e-04 6.607445285811491646e-03
3.280000000000000000e+02 1.807536486416009835e-01 8.222956399370770844e-04 6.527846375228533483e-03
3.290000000000000000e+02 1.778468153828338671e-01 8.278024348643272601e-04 6.447018002646976061e-03
3.300000000000000000e+02 1.749833045489307404e-01 8.331591343969717246e-04 6.365002444410281825e-03
3.310000000000000000e+02 1.721629600628190870e-01 8.384330725431666511e-04 6.281841976857989278e-03
3.320000000000000000e+02 1.693856258474506216e-01 8.435474408886975591e-04 6.197578876336084890e-03
3.330000000000000000e+02 1.666511458260549750e-01 8.485114299788420631e-04 6.112255419186025766e-03
3.340000000000000000e+02 1.639593639220085497e-01 8.534077345108674216e-04 6.025913881750840674e-03
3.350000000000000000e+02 1.613101240589162044e-01 8.581420383313729042e-04 5.938596540368571049e-03
3.360000000000000000e+02 1.587032701606072016e-01 8.627486779538945079e-04 5.850345671382431272e-03
3.370000000000000000e+02 1.561386461510086698e-01 8.672030155424049125e-04 5.761203551138326280e-03
3.380000000000000000e+02 1.536160959543495241e-01 8.715362351764684807e-04 5.671212455974298378e-03
3.390000000000000000e+02 1.511354634949935716e-01 8.756872083208802875e-04 5.580414662230599038e-03
3.400000000000000000e+02 1.486965926975997443e-01 8.797101119361599043e-04 5.488852446255381400e-03
3.410000000000000000e+02 1.462993274869971994e-01 8.836078161483980082e-04 5.396568084386175156e-03
3.420000000000000000e+02 1.439435117881446291e-01 8.873677419044523861e-04 5.303603852967827062e-03
3.430000000000000000e+02 1.416289895264077892e-01 8.909224349739236796e-04 5.210002028342116016e-03
3.440000000000000000e+02 1.393556046271976212e-01 8.943659051925598440e-04 5.115804886845605470e-03
3.450000000000000000e+02 1.371232010162866388e-01 8.976560311333927787e-04 5.021054704827107758e-03
3.460000000000000000e+02 1.349316226196086432e-01 9.007706700650035475e-04 4.925793758629572715e-03
3.470000000000000000e+02 1.327807133633367165e-01 9.037487452146987683e-04 4.830064324588048512e-03
3.480000000000000000e+02 1.306703171738805291e-01 9.065559932397858518e-04 4.733908679050770688e-03
3.490000000000000000e+02 1.286002407181348339e-01 9.092021279531094929e-04 4.637367672499819599e-03
3.500000000000000000e+02 1.265701416236900689e-01 9.116818133276483006e-04 4.540476452005433837e-03
3.510000000000000000e+02 1.245796402586212964e-01 9.139990666061938423e-04 4.443268738779252401e-03
3.520000000000000000e+02 1.226283569912499927e-01 9.161455499465818086e-04 4.345778254034367988e-03
3.530000000000000000e+02 1.207159121902149912e-01 9.181121392917694244e-04 4.248038718981636368e-03
3.540000000000000000e+02 1.188419262242879498e-01 9.199703789531505325e-04 4.150083854833535278e-03
3.550000000000000000e+02 1.170060194626625777e-01 9.216701039588591840e-04 4.051947382804210393e-03
3.560000000000000000e+02 1.152078122746627437e-01 9.231751507606103047e-04 3.953663024102161729e-03
3.570000000000000000e+02 1.134469250299930398e-01 9.245370825638585428e-04 3.855264499945097647e-03
3.580000000000000000e+02 1.117229780985956183e-01 9.257237240397636234e-04 3.756785531537971522e-03
3.590000000000000000e+02 1.100355918507506664e-01 9.267339083946269946e-04 3.658259840098694680e-03
3.600000000000000000e+02 1.083843866569736691e-01 9.276422188621327421e-04 3.559721146837035652e-03
3.610000000000000000e+02 1.067689828881157321e-01 9.283562247754280610e-04 3.461203172965997797e-03
3.620000000000000000e+02 1.051890009153297473e-01 9.289360956223245095e-04 3.362739639697546676e-03
3.630000000000000000e+02 1.036440611100345743e-01 9.293475799535631104e-04 3.264364268243784024e-03
3.640000000000000000e+02 1.021337838440173895e-01 9.295936676738489769e-04 3.166110779817371025e-03
3.650000000000000000e+02 1.006577894893979641e-01 9.296927363264240705e-04 3.068012895629850835e-03
3.660000000000000000e+02 9.921569841852277694e-02 9.296292889622894936e-04 2.970104336894188214e-03
3.670000000000000000e+02 9.780713100421031814e-02 9.294204647159005558e-04 2.872418824822049483e-03
3.680000000000000000e+02 9.643170761947214564e-02 9.290731510387493109e-04 2.774990080625630486e-03
3.690000000000000000e+02 9.508904863778513961e-02 9.285687837032545857e-04 2.677851825517724681e-03
3.700000000000000000e+02 9.377877443289087123e-02 9.278536613261632870e-04 2.581037780709744250e-03
3.710000000000000000e+02 9.250050537892616498e-02 9.270246894673902236e-04 2.484581667414539029e-03
3.720000000000000000e+02 9.125386185039517650e-02 9.260533482247671963e-04 2.388517206844083252e-03
3.730000000000000000e+02 9.003846422212981315e-02 9.249625717520902103e-04 2.292878120210577533e-03
3.740000000000000000e+02 8.885393286936127399e-02 9.236527249204965276e-04 2.197698128726186494e-03
3.750000000000000000e+02 8.769988816768620188e-02 9.222494261896273032e-04 2.103010953603118554e-03
3.760000000000000000e+02 8.657595049313207558e-02 9.206668038330144714e-04 2.008850316054027092e-03
3.770000000000000000e+02 8.548174022202800759e-02 9.189186071302759716e-04 1.915249937290436398e-03
3.780000000000000000e+02 8.441687773120080951e-02 9.170304273523634513e-04 1.822243538524804260e-03
3.790000000000000000e+02 8.338098339784683066e-02 9.149933241519662410e-04 1.729864840969595622e-03
3.800000000000000000e+02 8.237367759953223567e-02 9.128543861073471020e-04 1.638147565836714460e-03
3.810000000000000000e+02 8.139458071432346953e-02 9.105417984360239568e-04 1.547125434338552426e-03
3.820000000000000000e+02 8.044331312066195505e-02 9.080198837440979021e-04 1.456832167687415304e-03
3.830000000000000000e+02 7.951949519742713968e-02 9.053936538832910424e-04 1.367301487094957921e-03
3.840000000000000000e+02 7.862274732393974286e-02 9.026272627918092853e-04 1.278567113774172360e-03
3.850000000000000000e+02 7.775268987999753301e-02 8.997081645810383992e-04 1.190662768936911423e-03
3.860000000000000000e+02 7.690894324587199682e-02 8.966820747734190016e-04 1.103622173795239334e-03
3.870000000000000000e+02 7.609112780222111738e-02 8.934227387561625251e-04 1.017479049561498088e-03
3.880000000000000000e+02 7.529885969197511186e-02 8.901383917779395792e-04 9.322634106392441947e-04
3.890000000000000000e+02 7.453173810554020173e-02 8.866268534427538097e-04 8.479904441971267441e-04
3.900000000000000000e+02 7.378935799545716101e-02 8.829607840089521769e-04 7.646716305949331207e-04
3.910000000000000000e+02 7.307131431484391315e-02 8.791809736480075098e-04 6.823184501927246877e-04
3.920000000000000000e+02 7.237720201728164993e-02 8.752758748152559458e-04 6.009423833504025630e-04
3.930000000000000000e+02 7.170661605687013440e-02 8.712557874869584877e-04 5.205549104275862971e-04
3.940000000000000000e+02 7.105915138829810296e-02 8.670589082616165025e-04 4.411675117849979660e-04
3.950000000000000000e+02 7.043440296671919787e-02 8.628258746085383773e-04 3.627916677816243256e-04
3.960000000000000000e+02 6.983196574787993438e-02 8.583571614417086562e-04 2.854388587780831515e-04
3.970000000000000000e+02 6.925143468803185431e-02 8.538498009237077300e-04 2.091205651339781649e-04
3.980000000000000000e+02 6.869240474405392816e-02 8.492167476569626762e-04 1.338482672093319146e-04
3.990000000000000000e+02 6.815447087336526377e-02 8.444490421835934698e-04 5.963344536407431745e-05
4.000000000000000000e+02 6.763722803399267736e-02 8.395091693533217325e-04 -1.351242004191807420e-05
4.010000000000000000e+02 6.714027118448240294e-02 8.345151592404278932e-04 -8.557784864867952566e-05
4.020000000000000000e+02 6.666319528414220430e-02 8.293920906467972280e-04 -1.565513600962762828e-04
4.030000000000000000e+02 6.620559529272213029e-02 8.241811388321540000e-04 -2.264214740248093741e-04
4.040000000000000000e+02 6.576706617073962979e-02 8.188502948816391621e-04 -2.951767100743891200e-04
4.050000000000000000e+02 6.534720287928519333e-02 8.134159586280625140e-04 -3.628055878848369551e-04
4.060000000000000000e+02 6.494560038007979319e-02 8.079439266841519258e-04 -4.292966270967139841e-04
4.070000000000000000e+02 6.456185363560051904e-02 8.023152063464335975e-04 -4.946383473493661106e-04
4.080000000000000000e+02 6.419555760888275009e-02 7.966319683197997875e-04 -5.588192682835866482e-04
4.090000000000000000e+02 6.384630726375568888e-02 7.907519244592602472e-04 -6.218279095391916105e-04
4.100000000000000000e+02 6.351369756470544303e-02 7.848278497890100874e-04 -6.836527907559876872e-04
4.110000000000000000e+02 6.319732347688304663e-02 7.789090831347420842e-04 -7.442824315744380522e-04
4.120000000000000000e+02 6.289677996622562717e-02 7.727835010857106619e-04 -8.037053516346626212e-04
4.130000000000000000e+02 6.261166199937415189e-02 7.666688512197208753e-04 -8.619100705762853957e-04
4.140000000000000000e+02 6.234156454379714829e-02 7.604007382754834421e-04 -9.188851080393749000e-04
4.150000000000000000e+02 6.208608256760089761e-02 7.541428139951056580e-04 -9.746189836645425186e-04
4.160000000000000000e+02 6.184481103978785310e-02 7.477203347312220191e-04 -1.029100217091429275e-03
4.170000000000000000e+02 6.161734493007470226e-02 7.413389489166302996e-04 -1.082317327960443916e-03
4.180000000000000000e+02 6.140327920903189407e-02 7.348074701547527765e-04 -1.134258835911256197e-03
4.190000000000000000e+02 6.120220884804075667e-02 7.282168995132186394e-04 -1.184913260584250904e-03
4.200000000000000000e+02 6.101372881928075059e-02 7.215671961967914504e-04 -1.234269121619298477e-03
4.210000000000000000e+02 6.083743409588949352e-02 7.148993098119842951e-04 -1.282314938656402498e-03
4.220000000000000000e+02 6.067291965171612428e-02 7.081347271274270831e-04 -1.329039231336065063e-03
4.230000000000000000e+02 6.051978046164480790e-02 7.013499739889177131e-04 -1.374430519297821810e-03
4.240000000000000000e+02 6.037761150139237670e-02 6.943920286048197409e-04 -1.418477322182182428e-03
4.250000000000000000e+02 6.024600774755130284e-02 6.874731851382512695e-04 -1.461168159628913272e-03
4.260000000000000000e+02 6.012456417772434752e-02 6.805460704828957506e-04 -1.502491551278183589e-03
4.270000000000000000e+02 6.001289694065504304e-02 6.734789285630252229e-04 -1.542439538528149207e-03
4.280000000000000000e+02 5.991070686694936059e-02 6.664392659572917869e-04 -1.581018249808295150e-03
4.290000000000000000e+02 5.981771595845447598e-02 6.593232083339894533e-04 -1.618237335306655289e-03
4.300000000000000000e+02 5.973364621801666163e-02 6.522198041213486067e-04 -1.654106445210497397e-03
4.310000000000000000e+02 5.965821964946355083e-02 6.450655646607335401e-04 -1.688635229707554156e-03
4.320000000000000000e+02 5.959115825771313379e-02 6.378182493883843580e-04 -1.721833338985716754e-03
4.330000000000000000e+02 5.953218404872444997e-02 6.305716538690848711e-04 -1.753710423232743894e-03
4.340000000000000000e+02 5.948101902956071108e-02 6.233493066796942650e-04 -1.784276132635971871e-03
4.350000000000000000e+02 5.943738520831658850e-02 6.160773689779991185e-04 -1.813540117383268891e-03
4.360000000000000000e+02 5.940100459427821028e-02 6.087094104032556800e-04 -1.841512027662244901e-03
4.370000000000000000e+02 5.937159919783256690e-02 6.014370873756827744e-04 -1.868201513660703705e-03
4.380000000000000000e+02 5.934889103057123388e-02 5.940163668143202914e-04 -1.893618225566353480e-03
4.390000000000000000e+02 5.933260210520543976e-02 5.867551926496541526e-04 -1.917771813566527270e-03
4.400000000000000000e+02 5.932245443569553883e-02 5.794030888536437713e-04 -1.940671927849352187e-03
4.410000000000000000e+02 5.931817003723496157e-02 5.720260502261037680e-04 -1.962328218602014257e-03
4.420000000000000000e+02 5.931947092624197809e-02 5.646642595035345326e-04 -1.982750336012645363e-03
4.430000000000000000e+02 5.932607912041391179e-02 5.573324474466207802e-04 -2.001947930268600448e-03
4.440000000000000000e+02 5.933771663876545588e-02 5.498979972650581147e-04 -2.019930651557854187e-03
4.450000000000000000e+02 5.935410550163838089e-02 5.426257474911784680e-04 -2.036708150067764993e-03
4.460000000000000000e+02 5.937496773064619704e-02 5.352504349568039995e-04 -2.052290075986226876e-03
4.470000000000000000e+02 5.940002534889587960e-02 5.279194921147473477e-04 -2.066686079500913101e-03
4.480000000000000000e+02 5.942900038077112562e-02 5.205813386633276283e-04 -2.079905810799241063e-03
4.490000000000000000e+02 5.946161485220161774e-02 5.133127646048081050e-04 -2.091958920069266967e-03
4.500000000000000000e+02 5.949759079044252691e-02 5.060684118174416189e-04 -2.102855057498477596e-03
4.510000000000000000e+02 5.953665022430471715e-02 4.987481854436889720e-04 -2.112603873274453408e-03
4.520000000000000000e+02 5.957851518409607028e-02 4.915034690027480016e-04 -2.121215017585053285e-03
4.530000000000000000e+02 5.962290770164214299e-02 4.843236204540773211e-04 -2.128698140617917532e-03
4.540000000000000000e+02 5.966954981034625766e-02 4.771053433654024291e-04 -2.135062892560660001e-03
4.550000000000000000e+02 5.971816354520670389e-02 4.699783058390645963e-04 -2.140318923601051970e-03
4.560000000000000000e+02 5.976847094281786260e-02 4.628837953667961128e-04 -2.144475883926535119e-03
4.570000000000000000e+02 5.982019404145247354e-02 4.558973908081584338e-04 -2.147543423725084555e-03
4.580000000000000000e+02 5.987305488106049040e-02 4.487709353258691387e-04 -2.149531193184043079e-03
4.590000000000000000e+02 5.992677550328908559e-02 4.418620299821206330e-04 -2.150448842491427433e-03
4.600000000000000000e+02 5.998107795159383915e-02 4.348759985840788562e-04 -2.150306021834776007e-03
4.610000000000000000e+02 6.003568427114881756e-02 4.280547044141563774e-04 -2.149112381401776812e-03
4.620000000000000000e+02 6.009031650896106552e-02 4.211727712903935174e-04 -2.146877571380009873e-03
4.630000000000000000e+02 6.014469671393278538e-02 4.143788451459447329e-04 -2.143611241957347514e-03
4.640000000000000000e+02 6.019854693677816060e-02 4.076731234063157090e-04 -2.139323043321258739e-03
4.650000000000000000e+02 6.025158923018017476e-02 4.010038540998589625e-04 -2.134022625659431557e-03
4.660000000000000000e+02 6.030357540533335531e-02 3.944483978237451260e-04 -2.127721321760145824e-03
4.670000000000000000e+02 6.035437630155334604e-02 3.878965097461914251e-04 -2.120437194812679199e-03
4.680000000000000000e+02 6.040389251674404408e-02 3.814957567980344836e-04 -2.112189990606825295e-03
4.690000000000000000e+02 6.045202465086667309e-02 3.752364273848024989e-04 -2.102999454932294020e-03
4.700000000000000000e+02 6.049867330600751381e-02 3.687910160919730096e-04 -2.092885333579303560e-03
4.710000000000000000e+02 6.054373908640696411e-02 3.625621061758995366e-04 -2.081867372337475788e-03
4.720000000000000000e+02 6.058712259851056769e-02 3.563885057798229887e-04 -2.069965316996433876e-03
4.730000000000000000e+02 6.062872445098036606e-02 3.502891209014581089e-04 -2.057198913346176133e-03
4.740000000000000000e+02 6.066844525478305716e-02 3.444007416749127518e-04 -2.043587907176608928e-03
4.750000000000000000e+02 6.070618562321003497e-02 3.383459222909153386e-04 -2.029152044277302523e-03
4.760000000000000000e+02 6.074184617188243401e-02 3.325771236792717639e-04 -2.013911070438480309e-03
4.770000000000000000e+02 6.077532751889282853e-02 3.268245916581211780e-04 -1.997884731449531704e-03
4.780000000000000000e+02 6.080653028475715288e-02 3.210263428272567350e-04 -1.981092773100620250e-03
4.790000000000000000e+02 6.083535509253316931e-02 3.153991371952381958e-04 -1.963554941181201285e-03
4.800000000000000000e+02 6.086170256779501603e-02 3.099784044289791087e-04 -1.945290981481411462e-03
4.810000000000000000e+02 6.088547333877628726e-02 3.045519940562940037e-04 -1.926320639791008612e-03
4.820000000000000000e+02 6.090656803634272171e-02 2.991470683258910476e-04 -1.906663661899735173e-03
4.830000000000000000e+02 6.092488729406046744e-02 2.939401437694371864e-04 -1.886339793597481248e-03
4.840000000000000000e+02 6.094033174827285376e-02 2.888559418522077958e-04 -1.865368780674038713e-03
4.850000000000000000e+02 6.095280203816499931e-02 2.836684995604627077e-04 -1.843770368919261460e-03
4.860000000000000000e+02 6.096219880576458916e-02 2.787004676046590389e-04 -1.821564304123024633e-03
4.870000000000000000e+02 6.096842269601233932e-02 2.738398899090388255e-04 -1.798770332074986099e-03
4.880000000000000000e+02 6.097137435688241430e-02 2.690858223214562792e-04 -1.775408198564941854e-03
4.890000000000000000e+02 6.097095443937319142e-02 2.643140775295884661e-04 -1.751497649382978243e-03
4.900000000000000000e+02 6.096706359759458682e-02 2.597970521196491249e-04 -1.727058430318650136e-03
4.910000000000000000e+02 6.095960248877844295e-02 2.554216101649481687e-04 -1.702110287161917460e-03
4.920000000000000000e+02 6.094847177344903111e-02 2.510164912501475047e-04 -1.676672965702713687e-03
4.930000000000000000e+02 6.093357211541153284e-02 2.467284286178335947e-04 -1.650766211730713383e-03
4.940000000000000000e+02 6.091480418175731354e-02 2.425793860849893195e-04 -1.624409771035491366e-03
4.950000000000000000e+02 6.089206864310268974e-02 2.385107560612355555e-04 -1.597623389407433437e-03
4.960000000000000000e+02 6.086526617347894769e-02 2.344971781105294054e-04 -1.570426812635790457e-03
4.970000000000000000e+02 6.083429745052114368e-02 2.307861040253326686e-04 -1.542839786510923072e-03
4.980000000000000000e+02 6.079906315543683049e-02 2.270218086367613861e-04 -1.514882056822175384e-03
4.990000000000000000e+02 6.075946397321141390e-02 2.233212476179061720e-04 -1.486573369359728064e-03
5.000000000000000000e+02 6.071540059256524263e-02 2.198942203453704955e-04 -1.457933469913052279e-03
5.010000000000000000e+02 6.066677370605218222e-02 2.164488741252279828e-04 -1.428982104272370117e-03
5.020000000000000000e+02 6.061348401016351112e-02 2.133258870965738189e-04 -1.399739018227122824e-03
5.030000000000000000e+02 6.055543220541279026e-02 2.102893407467156797e-04 -1.370223957567421463e-03
5.040000000000000000e+02 6.049251899638880686e-02 2.071010896455160891e-04 -1.340456668083078945e-03
5.050000000000000000e+02 6.042466804806075759e-02 2.042220979129528351e-04 -1.310456366663582733e-03
5.060000000000000000e+02 6.035189485461524284e-02 2.016526204510682354e-04 -1.280240154598033140e-03
5.070000000000000000e+02 6.027423787076776479e-02 1.989337347820898695e-04 -1.249824604275782914e-03
5.080000000000000000e+02 6.019173555566264405e-02 1.964212726939223021e-04 -1.219226288085581769e-03
5.090000000000000000e+02 6.010442637298592239e-02 1.939760384003861432e-04 -1.188461778416600957e-03
5.100000000000000000e+02 6.001234879096903341e-02 1.917829406039190949e-04 -1.157547647657816790e-03
5.110000000000000000e+02 5.991554128255540540e-02 1.896132629560581752e-04 -1.126500468198125132e-03
5.120000000000000000e+02 5.981404232550284472e-02 1.875670238449183647e-04 -1.095336812426809777e-03
5.130000000000000000e+02 5.970789040242197032e-02 1.857392426264372568e-04 -1.064073252732579671e-03
5.140000000000000000e+02 5.959712400087099210e-02 1.839540124665322630e-04 -1.032726361504573758e-03
5.150000000000000000e+02 5.948178161357531302e-02 1.821974296566631301e-04 -1.001312711131931415e-03
5.160000000000000000e+02 5.936190173834515055e-02 1.806858283528657203e-04 -9.698488740035522996e-04
5.170000000000000000e+02 5.923752287833936037e-02 1.792107864542319114e-04 -9.383514225083821507e-04
5.180000000000000000e+02 5.910868354208922287e-02 1.778780383562526292e-04 -9.068369290356935930e-04
5.190000000000000000e+02 5.897542224362999075e-02 1.766158644374101914e-04 -8.753219659741488454e-04
5.200000000000000000e+02 5.883777750261582479e-02 1.756583447022294652e-04 -8.438231057131227730e-04
5.210000000000000000e+02 5.869578784441629310e-02 1.748343065713731190e-04 -8.123569206414245044e-04
5.220000000000000000e+02 5.854949180026156746e-02 1.738543815396833170e-04 -7.809399831480954039e-04
5.230000000000000000e+02 5.839892790730681627e-02 1.729145127863462405e-04 -7.495888656221708730e-04
5.240000000000000000e+02 5.824413470884362565e-02 1.724494638177486686e-04 -7.183201404526154063e-04
5.250000000000000000e+02 5.808515075434513009e-02 1.720121786277232687e-04 -6.871503800285964610e-04
5.260000000000000000e+02 5.792201459959442356e-02 1.716101029652687356e-04 -6.560961567390809169e-04
5.270000000000000000e+02 5.775476480688574582e-02 1.712050461080135235e-04 -6.251740429729414367e-04
5.280000000000000000e+02 5.758343994507492125e-02 1.709852928281565968e-04 -5.944006111193965436e-04
5.290000000000000000e+02 5.740807858973620559e-02 1.709299584757057074e-04 -5.637924335672739058e-04
5.300000000000000000e+02 5.722871932335203693e-02 1.710726022022601494e-04 -5.333660827057838064e-04
5.310000000000000000e+02 5.704540073537741479e-02 1.712324044648225044e-04 -5.031381309237884999e-04
5.320000000000000000e+02 5.685816142243153848e-02 1.715835699158473168e-04 -4.731251506104032392e-04
5.330000000000000000e+02 5.666703998845337709e-02 1.719824166787955197e-04 -4.433437141546021139e-04
5.340000000000000000e+02 5.647207504477101681e-02 1.724930087558047733e-04 -4.138103939454840599e-04
5.350000000000000000e+02 5.627330521037363087e-02 1.730388315973244281e-04 -3.845417623718829793e-04
5.360000000000000000e+02 5.607076911197352020e-02 1.736122538727030967e-04 -3.555543918229600955e-04
5.370000000000000000e+02 5.586450538421590395e-02 1.746606121596766667e-04 -3.268648546878122297e-04
5.380000000000000000e+02 5.565455266983615479e-02 1.756615953044379850e-04 -2.984897233552508957e-04
5.390000000000000000e+02 5.544094961978918157e-02 1.766021431047661429e-04 -2.704455702143876059e-04
5.400000000000000000e+02 5.522373489344942210e-02 1.775737840764235139e-04 -2.427489676542481393e-04
5.410000000000000000e+02 5.500294715882523416e-02 1.789928784917833025e-04 -2.154164880638720174e-04
5.420000000000000000e+02 5.477862509263966423e-02 1.803320100528436290e-04 -1.884647038322520866e-04
5.430000000000000000e+02 5.455080738061852952e-02 1.817646868911581052e-04 -1.619101873484327472e-04
5.440000000000000000e+02 5.431954173829146165e-02 1.833760187647341926e-04 -1.357676590836162319e-04
5.450000000000000000e+02 5.408491197334985845e-02 1.850249845956173267e-04 -1.100444318384081506e-04
5.460000000000000000e+02 5.384701092375038245e-02 1.868142708715195949e-04 -8.474596649553455387e-05
5.470000000000000000e+02 5.360593143711463171e-02 1.886169798226347419e-04 -5.987772393775135557e-05
5.480000000000000000e+02 5.336176637102094805e-02 1.906534972287642581e-04 -3.544516504785528288e-05
5.490000000000000000e+02 5.311460859314782318e-02 1.928521865203601407e-04 -1.145375070857870207e-05
5.500000000000000000e+02 5.286455098155411203e-02 1.948300359804678217e-04 1.209105819729145984e-05
5.510000000000000000e+02 5.261168642483798202e-02 1.971170792009564385e-04 3.518380078699536730e-05
5.520000000000000000e+02 5.235610782235634170e-02 1.996304162565309644e-04 5.781901617775786706e-05
5.530000000000000000e+02 5.209790808450991823e-02 2.019457080807051047e-04 7.999124348680020763e-05
5.540000000000000000e+02 5.183718013290192217e-02 2.043993961085850794e-04 1.016950218313819793e-04
5.550000000000000000e+02 5.157401690062281968e-02 2.070439296118148972e-04 1.229248903287196348e-04
5.560000000000000000e+02 5.130851133246524393e-02 2.098630920652666716e-04 1.436753880960513717e-04
5.570000000000000000e+02 5.104075638518797836e-02 2.124547642849665277e-04 1.639410542506104546e-04
5.580000000000000000e+02 5.077084502776062214e-02 2.154043430236374755e-04 1.837164279095844217e-04
5.590000000000000000e+02 5.049887024161292537e-02 2.183066895796987694e-04 2.029960481902835974e-04
5.600000000000000000e+02 5.022492502092447408e-02 2.213582770313081893e-04 2.217744542099051421e-04
5.610000000000000000e+02 4.994910237282913085e-02 2.242745523723729947e-04 2.400461850856422592e-04
5.620000000000000000e+02 4.967149531777933363e-02 2.275560278832398941e-04 2.578057799348356847e-04
5.630000000000000000e+02 4.939219688978547379e-02 2.307010931321991495e-04 2.750477778745338809e-04
5.640000000000000000e+02 4.911130013665141597e-02 2.339560103979737224e-04 2.917667180222343324e-04
5.650000000000000000e+02 4.882889812038197080e-02 2.374031662609007618e-04 3.079571394948575928e-04
5.660000000000000000e+02 4.854508391736974543e-02 2.407809323881631596e-04 3.236135814099247551e-04
5.670000000000000000e+02 4.825995061877736553e-02 2.442552046080940565e-04 3.387305828843909590e-04
5.680000000000000000e+02 4.797359133079887039e-02 2.477847597000235632e-04 3.533026830356704494e-04
5.690000000000000000e+02 4.768609917506205775e-02 2.512784539906654977e-04 3.673244209810560407e-04
5.700000000000000000e+02 4.739756728880183817e-02 2.549682528423560498e-04 3.807903358375818565e-04
5.710000000000000000e+02 4.710808882541843434e-02 2.587339514118879437e-04 3.936949667226028360e-04
5.720000000000000000e+02 4.681775695456931452e-02 2.625529826811479235e-04 4.060328527533658776e-04
5.730000000000000000e+02 4.652666486275675722e-02 2.664186827548812057e-04 4.177985330470150973e-04
5.740000000000000000e+02 4.623490575348780662e-02 2.703117584484234989e-04 4.289865467208801722e-04
5.750000000000000000e+02 4.594257284778973521e-02 2.739457111550777993e-04 4.395914328920541526e-04
5.760000000000000000e+02 4.564975938450160226e-02 2.780927052918731558e-04 4.496077306779623422e-04
5.770000000000000000e+02 4.535655862065451904e-02 2.819942621305289638e-04 4.590299791956610909e-04
5.780000000000000000e+02 4.506306383192804077e-02 2.861147058861669202e-04 4.678527175625444233e-04
5.790000000000000000e+02 4.476936831297425451e-02 2.900663523753225625e-04 4.760704848956473305e-04
5.800000000000000000e+02 4.447556537788573822e-02 2.941351953622525816e-04 4.836778203123477367e-04
5.810000000000000000e+02 4.418174836060591304e-02 2.985564600936632066e-04 4.906692629299502740e-04
5.820000000000000000e+02 4.388801061528372488e-02 3.025135879821086622e-04 4.970393518654156115e-04
5.830000000000000000e+02 4.359444188650673374e-02 3.069373270789987787e-04 5.027844735325148924e-04
5.840000000000000000e+02 4.330111741868674508e-02 3.112930322762242036e-04 5.079084035302767423e-04
5.850000000000000000e+02 4.300810884751440216e-02 3.154005243082060863e-04 5.124167647537079730e-04
5.860000000000000000e+02 4.271548783076003358e-02 3.195536241320117874e-04 5.163151800980991324e-04
5.870000000000000000e+02 4.242332604875679453e-02 3.241253412887251770e-04 5.196092724588239264e-04
5.880000000000000000e+02 4.213169520487378833e-02 3.283002157542237970e-04 5.223046647311428703e-04
5.890000000000000000e+02 4.184066702604035543e-02 3.327779460373678851e-04 5.244069798102784239e-04
5.900000000000000000e+02 4.155031326321839691e-02 3.371648830625299863e-04 5.259218405916240256e-04
5.910000000000000000e+02 4.126070569197076016e-02 3.415442434925592807e-04 5.268548699701469142e-04
5.920000000000000000e+02 4.097191611299619285e-02 3.460379532800960225e-04 5.272116908412674162e-04
5.930000000000000000e+02 4.068401635259472765e-02 3.505128976947961914e-04 5.269979261003928479e-04
5.940000000000000000e+02 4.039707826336270957e-02 3.551385584755920120e-04 5.262191986424635598e-04
5.950000000000000000e+02 4.011117372465792391e-02 3.596775652269784814e-04 5.248811313630852770e-04
5.960000000000000000e+02 3.982637464326115734e-02 3.639867075704794294e-04 5.229893471572791231e-04
5.970000000000000000e+02 3.954275295390206196e-02 3.684496087115948781e-04 5.205494689203473552e-04
5.980000000000000000e+02 3.926038061991700412e-02 3.729258990686557039e-04 5.175671195475498379e-04
5.990000000000000000e+02 3.897932963390107752e-02 3.772542429953646510e-04 5.140479219343063559e-04
6.000000000000000000e+02 3.869967201829929704e-02 3.817945202652085431e-04 5.099974989756175412e-04
6.010000000000000000e+02 3.842147982608994095e-02 3.863971202443906372e-04 5.054214735669172731e-04
6.020000000000000000e+02 3.814482514145481340e-02 3.909304662665737985e-04 5.003254686034934971e-04
6.030000000000000000e+02 3.786978008045854133e-02 3.952125698796445964e-04 4.947151069804329310e-04
6.040000000000000000e+02 3.759641679175673712e-02 3.999209391924956995e-04 4.885960115932057746e-04
6.050000000000000000e+02 3.732480745735419769e-02 4.042837694629420578e-04 4.819738053369656953e-04
6.060000000000000000e+02 3.705502429325468333e-02 4.088216181386334540e-04 4.748541111068786116e-04
6.070000000000000000e+02 3.678713955030722682e-02 4.131127872123521467e-04 4.672425517984453523e-04
6.080000000000000000e+02 3.652122551492333058e-02 4.175656092232791420e-04 4.591447503066826497e-04
6.090000000000000000e+02 3.625735450984785002e-02 4.220949723135301737e-04 4.505663295269551568e-04
6.100000000000000000e+02 3.599559889506683680e-02 4.265712595975164898e-04 4.415129123545366704e-04
6.110000000000000000e+02 3.573603106848535771e-02 4.306894600740539367e-04 4.319901216846813090e-04
6.120000000000000000e+02 3.547872346692060308e-02 4.354719983047502727e-04 4.220035804126916548e-04
6.130000000000000000e+02 3.522374856683489763e-02 4.395712917391897553e-04 4.115589114337388850e-04
6.140000000000000000e+02 3.497117888534584385e-02 4.438711079504413710e-04 4.006617376430564098e-04
6.150000000000000000e+02 3.472108698102701480e-02 4.482815353966393217e-04 3.893176819360063341e-04
6.160000000000000000e+02 3.447354545490841776e-02 4.523167895750088608e-04 3.775323672079000225e-04
6.170000000000000000e+02 3.422862695137663530e-02 4.566975052368555483e-04 3.653114163538213194e-04
6.180000000000000000e+02 3.398640415916561602e-02 4.607225815201599858e-04 3.526604522691851847e-04
6.190000000000000000e+02 3.374694981235468183e-02 4.652127008353989959e-04 3.395850978490702588e-04
6.200000000000000000e+02 3.351033669138841348e-02 4.689000311375235625e-04 3.260909759890179738e-04
6.210000000000000000e+02 3.327663762408779313e-02 4.730488175378962687e-04 3.121837095840040792e-04
6.220000000000000000e+02 3.304591596994320424e-02 4.773397361228363164e-04 2.978697698217621943e-04
6.230000000000000000e+02 3.281819707077890391e-02 4.811777462997776232e-04 2.831590210588630992e-04
6.240000000000000000e+02 3.259349680224847556e-02 4.849317718384252274e-04 2.680621759442547805e-04
6.250000000000000000e+02 3.237183109187933422e-02 4.891979739950222481e-04 2.525899471268133419e-04
6.260000000000000000e+02 3.215321592009860036e-02 4.929550282756968872e-04 2.367530472554098459e-04
6.270000000000000000e+02 3.193766732159063898e-02 4.967240677587639146e-04 2.205621889792140254e-04
6.280000000000000000e+02 3.172520138635932796e-02 5.004525436926934856e-04 2.040280849469275088e-04
6.290000000000000000e+02 3.151583426113937353e-02 5.040001556315009583e-04 1.871614478075641480e-04
6.300000000000000000e+02 3.130958215054620297e-02 5.082201935123968443e-04 1.699729902099230685e-04
6.310000000000000000e+02 3.110646131847457849e-02 5.116804409764509187e-04 1.524734248032424977e-04
6.320000000000000000e+02 3.090648808940272413e-02 5.157908372577125079e-04 1.346734642360910054e-04
6.330000000000000000e+02 3.070967884979560608e-02 5.189397288722743303e-04 1.165838211576059746e-04
6.340000000000000000e+02 3.051605004949211816e-02 5.221000543848136610e-04 9.821520821662156424e-05
6.350000000000000000e+02 3.032561820313556950e-02 5.258637224783564408e-04 7.957833806211922186e-05
6.360000000000000000e+02 3.013839989173366929e-02 5.290355792654964293e-04 6.068392334301313392e-05
6.370000000000000000e+02 2.995441176403271927e-02 5.321089055542960406e-04 4.154267670821506098e-05
6.380000000000000000e+02 2.977367053819750600e-02 5.357537789917509114e-04 2.216531080665237949e-05
6.390000000000000000e+02 2.959619300330039102e-02 5.391886790880599974e-04 2.562538287260613088e-06
6.400000000000000000e+02 2.942199602101652420e-02 5.423968107258958157e-04 -1.725492820104435729e-05
6.410000000000000000e+02 2.925109652724868295e-02 5.452569348096256889e-04 -3.727637600932557060e-05
6.420000000000000000e+02 2.908351153381405138e-02 5.487850175202859879e-04 -5.749109248866408894e-05
6.430000000000000000e+02 2.891925813023599884e-02 5.516881195115407943e-04 -7.788836499012981860e-05
6.440000000000000000e+02 2.875835348547089304e-02 5.547061574992274979e-04 -9.845748086480675030e-05
6.450000000000000000e+02 2.860081484978307942e-02 5.576666287033101802e-04 -1.191877274637752224e-04
6.460000000000000000e+02 2.844665955657846301e-02 5.601758744906339821e-04 -1.400683921380609022e-04
6.470000000000000000e+02 2.829590502436915220e-02 5.630060939387106613e-04 -1.610887622387852059e-04
6.480000000000000000e+02 2.814856875865124133e-02 5.658792915938549994e-04 -1.822381251169800215e-04
6.490000000000000000e+02 2.800466835400522436e-02 5.683765424962603646e-04 -2.035057681238151340e-04
6.500000000000000000e+02 2.786422149611483823e-02 5.716850305531348368e-04 -2.248809786102036977e-04
6.510000000000000000e+02 2.772724596383869741e-02 5.737468247158856224e-04 -2.463530439274048359e-04
6.520000000000000000e+02 2.759375963143988891e-02 5.767046929700312243e-04 -2.679112514264092235e-04
6.530000000000000000e+02 2.746378047073037842e-02 5.788580610782092422e-04 -2.895448884582100288e-04
6.540000000000000000e+02 2.733732655338335857e-02 5.804174569049853731e-04 -3.112432423739603673e-04
6.550000000000000000e+02 2.721441605320807852e-02 5.835754693687607861e-04 -3.329956005248015365e-04
6.560000000000000000e+02 2.709506724855896900e-02 5.856330232953557789e-04 -3.547912502616949108e-04
6.570000000000000000e+02 2.697929852474626605e-02 5.877236914743518004e-04 -3.766194789356880584e-04
6.580000000000000000e+02 2.686712837652873234e-02 5.902002659869713067e-04 -3.984695738979616877e-04
6.590000000000000000e+02 2.675857541069938741e-02 5.918727961932094671e-04 -4.203308224995526334e-04
6.600000000000000000e+02 2.665365834863509670e-02 5.943818123012575621e-04 -4.421925120916180224e-04
6.610000000000000000e+02 2.655238783105167213e-02 5.959449857260987801e-04 -4.640442917047989243e-04
6.620000000000000000e+02 2.645474182678204597e-02 5.974831909549420698e-04 -4.858772570897211584e-04
6.630000000000000000e+02 2.636069022956993510e-02 5.999313459257980428e-04 -5.076828656763062147e-04
6.640000000000000000e+02 2.627020305887614593e-02 6.012234552814944843e-04 -5.294525748947093375e-04
6.650000000000000000e+02 2.618325046277673526e-02 6.031330280948403108e-04 -5.511778421749521971e-04
6.660000000000000000e+02 2.609980272111964150e-02 6.040379112378960972e-04 -5.728501249474026499e-04
6.670000000000000000e+02 2.601983024846953735e-02 6.057682677561682756e-04 -5.944608806419894500e-04
6.680000000000000000e+02 2.594330359737306163e-02 6.077716176526920186e-04 -6.160015666887881528e-04
6.690000000000000000e+02 2.587019346157725525e-02 6.093131160395904786e-04 -6.374636405181806006e-04
6.700000000000000000e+02 2.580047067935190355e-02 6.095791670186283782e-04 -6.588385595599725994e-04
6.710000000000000000e+02 2.573410623689994028e-02 6.117998440231497666e-04 -6.801177812444949254e-04
6.720000000000000000e+02 2.567107127184800261e-02 6.131740786752693916e-04 -7.012927630018260614e-04
6.730000000000000000e+02 2.561133707682747285e-02 6.145909024570288476e-04 -7.223549622619563444e-04
6.740000000000000000e+02 2.555487510312543301e-02 6.150820056163359322e-04 -7.432958364551525829e-04
6.750000000000000000e+02 2.550165696449636574e-02 6.160773255663422538e-04 -7.641068430116005955e-04
6.760000000000000000e+02 2.545165444093168416e-02 6.168576580817748982e-04 -7.847794393611582297e-04
6.770000000000000000e+02 2.540483948264111308e-02 6.186598368773984623e-04 -8.053050829342278194e-04
6.780000000000000000e+02 2.536118421416452481e-02 6.186897402916909702e-04 -8.256752311606898719e-04
6.790000000000000000e+02 2.532066093828130859e-02 6.197611608779674463e-04 -8.458813414708749468e-04
6.800000000000000000e+02 2.528324214056244801e-02 6.212754511813553147e-04 -8.659148712948072082e-04
6.810000000000000000e+02 2.524890049365089914e-02 6.223595208888071939e-04 -8.857672780625649219e-04
6.820000000000000000e+02 2.521760886137249663e-02 6.222268954668955417e-04 -9.054300192043352076e-04
6.830000000000000000e+02 2.518934030376707156e-02 6.229070456558866414e-04 -9.248945521501671660e-04
6.840000000000000000e+02 2.516406808147913718e-02 6.230962387699967879e-04 -9.441523343302278591e-04
6.850000000000000000e+02 2.514176566083887315e-02 6.237426292466681640e-04 -9.631948231746570270e-04
6.860000000000000000e+02 2.512240671837315947e-02 6.243903478412791671e-04 -9.820134761136221652e-04
6.870000000000000000e+02 2.510596514612619193e-02 6.241215042978298915e-04 -1.000599750577568217e-03
6.880000000000000000e+02 2.509241505684050091e-02 6.250201291975391715e-04 -1.018945103995005583e-03
6.890000000000000000e+02 2.508173078904797626e-02 6.256708891229932666e-04 -1.037040993798676522e-03
6.900000000000000000e+02 2.507388691268073663e-02 6.254586931900409184e-04 -1.054878877416739070e-03
6.910000000000000000e+02 2.506885823468172486e-02 6.260106350074991438e-04 -1.072450212279718509e-03
6.920000000000000000e+02 2.506661980428600070e-02 6.260285953801727251e-04 -1.089746455817608428e-03
6.930000000000000000e+02 2.506714691952170726e-02 6.267130240786131148e-04 -1.106759065460900283e-03
6.940000000000000000e+02 2.507041513273038438e-02 6.264654167978977225e-04 -1.123479498640631100e-03
6.950000000000000000e+02 2.507640025664837485e-02 6.268787933657495991e-04 -1.139899212784567517e-03
6.960000000000000000e+02 2.508507837120772105e-02 6.268726408383948259e-04 -1.156009665325003584e-03
6.970000000000000000e+02 2.509642582935631833e-02 6.264638979096011188e-04 -1.171802313691073984e-03
6.980000000000000000e+02 2.511041926422027254e-02 6.275464833453189405e-04 -1.187268615312677333e-03
6.990000000000000000e+02 2.512703559544320064e-02 6.261570981177787829e-04 -1.202400027620518239e-03
7.000000000000000000e+02 2.514624929168897405e-02 6.267894300575028391e-04 -1.217189091552293339e-03
7.010000000000000000e+02 2.516802414346175354e-02 6.269165083225070653e-04 -1.231632682074609766e-03
