# ell  TT    EE    TE
2.000000000000000000e+00 1.067663309767063765e+03 3.331655995331658793e-02 2.812808574182582344e+00
3.000000000000000000e+00 5.052470490464932595e+02 2.230791689641779471e-02 1.612987402862425146e+00
4.000000000000000000e+00 2.867528631346586963e+02 1.247844596752821847e-02 9.277307806567214321e-01
5.000000000000000000e+00 1.828687016862510006e+02 6.218378201484534018e-03 5.424772664451495974e-01
6.000000000000000000e+00 1.264709985606792344e+02 2.857422898290714035e-03 3.227236038857390077e-01
7.000000000000000000e+00 9.279444929944290266e+01 1.269918748041069063e-03 1.966923247724073343e-01
8.000000000000000000e+00 7.119261943107649415e+01 5.922812778145441050e-04 1.242618264453054511e-01
9.000000000000000000e+00 5.654223122771453092e+01 3.187454675907726862e-04 8.269885035103514970e-02
1.000000000000000000e+01 4.615001642783988700e+01 2.060584991758765080e-04 5.889380331499884103e-02
1.100000000000000000e+01 3.851803549311436115e+01 1.520036445027300493e-04 4.520640559404970338e-02
1.200000000000000000e+01 3.274528326229925312e+01 1.195389757431669349e-04 3.716289658636903748e-02
1.300000000000000000e+01 2.826503562891356935e+01 9.943955148144284961e-05 3.220489982624836350e-02
1.400000000000000000e+01 2.470732207206595277e+01 8.595441179359565283e-05 2.892350518805424792e-02
1.500000000000000000e+01 2.184123789689903461e+01 7.913285830538352710e-05 2.657534430635282580e-02
1.600000000000000000e+01 1.949719448269953048e+01 7.566356829008181919e-05 2.475339287034893435e-02
1.700000000000000000e+01 1.754607067875372195e+01 7.594942084723412402e-05 2.325264599084701789e-02
1.800000000000000000e+01 1.590475078343445681e+01 7.839574141995712367e-05 2.198185021445608900e-02
1.900000000000000000e+01 1.451259512723666667e+01 8.195548681162970086e-05 2.088110587025531623e-02
2.000000000000000000e+01 1.331688292151628517e+01 8.679962194876482190e-05 1.989851571013048423e-02
2.100000000000000000e+01 1.228327910491227115e+01 9.178190756927240095e-05 1.900214189313264787e-02
2.200000000000000000e+01 1.138339840430438343e+01 9.865294277955009687e-05 1.816753895250796877e-02
2.300000000000000000e+01 1.059426897211099750e+01 1.045697321056810044e-04 1.738027151104365106e-02
2.400000000000000000e+01 9.896113024424057159e+00 1.109107594854056303e-04 1.662960261032788226e-02
2.500000000000000000e+01 9.276515606561575922e+00 1.175768454707383016e-04 1.590957887758918249e-02
2.600000000000000000e+01 8.724855128143701677e+00 1.244293768315676970e-04 1.521519369008276709e-02
2.700000000000000000e+01 8.230320626935297312e+00 1.318817839788998447e-04 1.454044383954058300e-02
2.800000000000000000e+01 7.783113882683077023e+00 1.391673979067640881e-04 1.387999850498840802e-02
2.900000000000000000e+01 7.377677015074247002e+00 1.461675046027967198e-04 1.323221300017281971e-02
3.000000000000000000e+01 7.009512228788707056e+00 1.536558871847401608e-04 1.259636417253609010e-02
3.100000000000000000e+01 6.674263515165789862e+00 1.609724130161888523e-04 1.197142664283051827e-02
3.200000000000000000e+01 6.368142012241389871e+00 1.683127013857750045e-04 1.135516612509967008e-02
3.300000000000000000e+01 6.087500644712473985e+00 1.755718599823254675e-04 1.074504610671185231e-02
3.400000000000000000e+01 5.828994446078352709e+00 1.829132340381317448e-04 1.013918380675391320e-02
3.500000000000000000e+01 5.590486885026714425e+00 1.906452609491770633e-04 9.538311371251073992e-03
3.600000000000000000e+01 5.370143539032623536e+00 1.979949587093064972e-04 8.943814677948507680e-03
3.700000000000000000e+01 5.166175003382551090e+00 2.054397089281412574e-04 8.356802669670765002e-03
3.800000000000000000e+01 4.976971944553108429e+00 2.126935978204350737e-04 7.777276549571045423e-03
3.900000000000000000e+01 4.800970046820024706e+00 2.197466164651452273e-04 7.204960585875036690e-03
4.000000000000000000e+01 4.636604994460893359e+00 2.266600928629500787e-04 6.639579046815490340e-03
4.100000000000000000e+01 4.482476765415656317e+00 2.335931260864614598e-04 6.080870814536358873e-03
4.200000000000000000e+01 4.337842512271352646e+00 2.405923681569564483e-04 5.528633226828855857e-03
4.300000000000000000e+01 4.202123681270657052e+00 2.473146126503372516e-04 4.982678235392413828e-03
4.400000000000000000e+01 4.074741718663194234e+00 2.544236390887141190e-04 4.442817791934226476e-03
4.500000000000000000e+01 3.955112986186912316e+00 2.612669732954088020e-04 3.908962226696799554e-03
4.600000000000000000e+01 3.842633507531356241e+00 2.683372863391917805e-04 3.381415384075327560e-03
4.700000000000000000e+01 3.736694221872463029e+00 2.749250185008704603e-04 2.860579487007865705e-03
4.800000000000000000e+01 3.636686068389860083e+00 2.816561733389899460e-04 2.346856758434296732e-03
4.900000000000000000e+01 3.541999986260937039e+00 2.884218358687721693e-04 1.840649421289517569e-03
5.000000000000000000e+01 3.452091640515004389e+00 2.953350556034355697e-04 1.342236924597959733e-03
5.100000000000000000e+01 3.366675599567430677e+00 3.019388463372854863e-04 8.514076217311466977e-04
5.200000000000000000e+01 3.285531157687897164e+00 3.086437186832477258e-04 3.678270921470468157e-04
5.300000000000000000e+01 3.208437609146211233e+00 3.153027522982742377e-04 -1.088390846956441944e-04
5.400000000000000000e+01 3.135174248207799774e+00 3.219457025204185965e-04 -5.789253293390003979e-04
5.500000000000000000e+01 3.065520758232739507e+00 3.283081505419849938e-04 -1.042665414345268077e-03
5.600000000000000000e+01 2.999258378950869108e+00 3.348801676598927158e-04 -1.499890520360357268e-03
5.700000000000000000e+01 2.936168739180288423e+00 3.412279667348589850e-04 -1.950331180052386221e-03
5.800000000000000000e+01 2.876033467740120919e+00 3.475158460357473281e-04 -2.393717926086143602e-03
5.900000000000000000e+01 2.818634193452248748e+00 3.537898088622247277e-04 -2.829781291129489403e-03
6.000000000000000000e+01 2.763752545135041760e+00 3.598836177282698184e-04 -3.258251807850116432e-03
6.100000000000000000e+01 2.711189865893362860e+00 3.659191960568970400e-04 -3.678924174730166183e-03
6.200000000000000000e+01 2.660826355980281388e+00 3.718174716824804897e-04 -4.091849753526731297e-03
6.300000000000000000e+01 2.612561929930569349e+00 3.775832783601069031e-04 -4.497144071810500049e-03
6.400000000000000000e+01 2.566296502281226299e+00 3.832879556542977801e-04 -4.894922657157024445e-03
6.500000000000000000e+01 2.521929987570119103e+00 3.887135016563767614e-04 -5.285301037135604549e-03
6.600000000000000000e+01 2.479362300331686697e+00 3.939857889222853722e-04 -5.668394739322298037e-03
6.700000000000000000e+01 2.438493355103640958e+00 3.993086839319067338e-04 -6.044319291287116210e-03
6.800000000000000000e+01 2.399228031151519946e+00 4.044214775821152624e-04 -6.413154019193477440e-03
6.900000000000000000e+01 2.361491066661514981e+00 4.093341863589253834e-04 -6.774833443562427310e-03
7.000000000000000000e+01 2.325212164547048044e+00 4.140276464501415439e-04 -7.129255883503631507e-03
7.100000000000000000e+01 2.290321027721966107e+00 4.187332528930592132e-04 -7.476319658129997048e-03
7.200000000000000000e+01 2.256747359102102113e+00 4.231975221802006032e-04 -7.815923086551504473e-03
7.300000000000000000e+01 2.224420861600532540e+00 4.274665469514260345e-04 -8.147964487877820336e-03
7.400000000000000000e+01 2.193271238131151879e+00 4.315757324864105161e-04 -8.472342181223009583e-03
7.500000000000000000e+01 2.163228191610059081e+00 4.355000420568697745e-04 -8.788954485689051341e-03
7.600000000000000000e+01 2.134226490859793213e+00 4.393350111669997869e-04 -9.097721272991758992e-03
7.700000000000000000e+01 2.106221168339058814e+00 4.430060362388051629e-04 -9.398648625210651378e-03
7.800000000000000000e+01 2.079172322417186969e+00 4.464586550873975764e-04 -9.691764177008897405e-03
7.900000000000000000e+01 2.053040051461530346e+00 4.498041164373126370e-04 -9.977095563072007484e-03
8.000000000000000000e+01 2.027784453841464440e+00 4.529037707738567376e-04 -1.025467041807162812e-02
8.100000000000000000e+01 2.003365627924786896e+00 4.558513536529639658e-04 -1.052451637667670831e-02
8.200000000000000000e+01 1.979743672079429029e+00 4.585870982222562753e-04 -1.078666107356312902e-02
8.300000000000000000e+01 1.956878684674256741e+00 4.611824324173766760e-04 -1.104113214341523146e-02
8.400000000000000000e+01 1.934733039143568201e+00 4.636975995625838821e-04 -1.128795484883107249e-02
8.500000000000000000e+01 1.913278209183136180e+00 4.659723299784002798e-04 -1.152714496415810710e-02
8.600000000000000000e+01 1.892487943555444252e+00 4.679706605276217008e-04 -1.175871589168777862e-02
8.700000000000000000e+01 1.872335991021487844e+00 4.698801931282028770e-04 -1.198268103370384551e-02
8.800000000000000000e+01 1.852796100344132890e+00 4.716023918370082632e-04 -1.219905379247743574e-02
8.900000000000000000e+01 1.833842020285200380e+00 4.731516052202155748e-04 -1.240784757030360952e-02
9.000000000000000000e+01 1.815447499606920090e+00 4.745979291716310175e-04 -1.260907576945900430e-02
9.100000000000000000e+01 1.797586287070411126e+00 4.757896828311808748e-04 -1.280275179222630823e-02
9.200000000000000000e+01 1.780232131438175491e+00 4.767781970277261330e-04 -1.298888904089376753e-02
9.300000000000000000e+01 1.763360354172851308e+00 4.776208968331719599e-04 -1.316750469208324489e-02
9.400000000000000000e+01 1.746952567539681755e+00 4.783460265676657552e-04 -1.333863101976724003e-02
9.500000000000000000e+01 1.730991956503092233e+00 4.788923593529487328e-04 -1.350230407226020099e-02
9.600000000000000000e+01 1.715461706029352218e+00 4.792181048097235137e-04 -1.365855989788129950e-02
9.700000000000000000e+01 1.700345001083235053e+00 4.793881294554585312e-04 -1.380743454494438860e-02
9.800000000000000000e+01 1.685625026630367618e+00 4.794380779480867326e-04 -1.394896406176357462e-02
9.900000000000000000e+01 1.671284967636476271e+00 4.792683263499637964e-04 -1.408318449665815070e-02
1.000000000000000000e+02 1.657308009066258414e+00 4.789751077521123279e-04 -1.421013189793846401e-02
1.010000000000000000e+02 1.643677335886005286e+00 4.784651843933895757e-04 -1.432984231391606043e-02
1.020000000000000000e+02 1.630376133061042232e+00 4.778161848951229689e-04 -1.444235179291713904e-02
1.030000000000000000e+02 1.617387585556070206e+00 4.769856271091613403e-04 -1.454769638325087086e-02
1.040000000000000000e+02 1.604696037679007148e+00 4.760349846508459015e-04 -1.464591605516983412e-02
1.050000000000000000e+02 1.592290471102318916e+00 4.748681624217422691e-04 -1.473706646668367613e-02
1.060000000000000000e+02 1.580161026841949701e+00 4.735781828042453178e-04 -1.482120719773707442e-02
1.070000000000000000e+02 1.568297845912820510e+00 4.721475222584609424e-04 -1.489839782827529283e-02
1.080000000000000000e+02 1.556691069329091182e+00 4.705369061972627053e-04 -1.496869793825041442e-02
1.090000000000000000e+02 1.545330838106341975e+00 4.688099127707382146e-04 -1.503216710760741856e-02
1.100000000000000000e+02 1.534207293259319593e+00 4.669277787122049178e-04 -1.508886491628707270e-02
1.110000000000000000e+02 1.523310575803672018e+00 4.648785817234928931e-04 -1.513885094423976507e-02
1.120000000000000000e+02 1.512630826753816216e+00 4.626897884242501635e-04 -1.518218477141206231e-02
1.130000000000000000e+02 1.502158187124647437e+00 4.603712774340624320e-04 -1.521892597774916582e-02
1.140000000000000000e+02 1.491882797932011062e+00 4.579066233822918076e-04 -1.524913414320067800e-02
1.150000000000000000e+02 1.481794800190318950e+00 4.552969067195429260e-04 -1.527286884770827531e-02
1.160000000000000000e+02 1.471884926239244606e+00 4.526086364906505097e-04 -1.529019193156429778e-02
1.170000000000000000e+02 1.462146273718637701e+00 4.497357418146686551e-04 -1.530117427644842390e-02
1.180000000000000000e+02 1.452572531591504346e+00 4.467408536093575100e-04 -1.530588902438414535e-02
1.190000000000000000e+02 1.443157388822015497e+00 4.436075829279440301e-04 -1.530440931738712151e-02
1.200000000000000000e+02 1.433894534374196894e+00 4.403670420249184781e-04 -1.529680829748233592e-02
1.210000000000000000e+02 1.424777657211697912e+00 4.370323276844586820e-04 -1.528315910669750428e-02
1.220000000000000000e+02 1.415800446297890369e+00 4.335662723420442908e-04 -1.526353488704458757e-02
1.230000000000000000e+02 1.406956590597493006e+00 4.299604397433556715e-04 -1.523800878055519940e-02
1.240000000000000000e+02 1.398239779073821021e+00 4.263025201686759672e-04 -1.520665392924632972e-02
1.250000000000000000e+02 1.389643700691038708e+00 4.224896516506589572e-04 -1.516954347513970076e-02
1.260000000000000000e+02 1.381162044412993284e+00 4.185736198721884014e-04 -1.512675056026183996e-02
1.270000000000000000e+02 1.372788499203303703e+00 4.145306196989243679e-04 -1.507834832662973031e-02
1.280000000000000000e+02 1.364516754026008583e+00 4.104530383033406105e-04 -1.502440991626894512e-02
1.290000000000000000e+02 1.356340952151039891e+00 4.062690746471254587e-04 -1.496501081551897955e-02
1.300000000000000000e+02 1.348257054070599814e+00 4.019641040817067837e-04 -1.490023588798742617e-02
1.310000000000000000e+02 1.340261474583399393e+00 3.975901177469692046e-04 -1.483017234160961643e-02
1.320000000000000000e+02 1.332350628487507072e+00 3.931554150911541158e-04 -1.475490738430636044e-02
1.330000000000000000e+02 1.324520930581403855e+00 3.886366495554603468e-04 -1.467452822401334699e-02
1.340000000000000000e+02 1.316768795663653790e+00 3.840073591975848278e-04 -1.458912206865373498e-02
1.350000000000000000e+02 1.309090638532095285e+00 3.793208869621646781e-04 -1.449877612615891979e-02
1.360000000000000000e+02 1.301482873985606803e+00 3.746029196752909216e-04 -1.440357760445492262e-02
1.370000000000000000e+02 1.293941916822511473e+00 3.697579246540492548e-04 -1.430361371147464804e-02
1.380000000000000000e+02 1.286464181841065590e+00 3.648949841221104566e-04 -1.419897165514231833e-02
1.390000000000000000e+02 1.279046083839904480e+00 3.599887419790469929e-04 -1.408973864339041308e-02
1.400000000000000000e+02 1.271684037617269114e+00 3.549883985615909406e-04 -1.397600188414444347e-02
1.410000000000000000e+02 1.264374457971695564e+00 3.499585630303986023e-04 -1.385784858533464434e-02
1.420000000000000000e+02 1.257113759701730116e+00 3.448848759386195437e-04 -1.373536595488832404e-02
1.430000000000000000e+02 1.249898357605662591e+00 3.397883023289175364e-04 -1.360864120073411801e-02
1.440000000000000000e+02 1.242724956450599105e+00 3.346352754023227023e-04 -1.347776260213730259e-02
1.450000000000000000e+02 1.235591420876320123e+00 3.294807311799591862e-04 -1.334282272368979110e-02
1.460000000000000000e+02 1.228495905491733264e+00 3.242590581154884688e-04 -1.320391520132371994e-02
1.470000000000000000e+02 1.221436564905101108e+00 3.190463055204855055e-04 -1.306113367096662335e-02
1.480000000000000000e+02 1.214411553725063930e+00 3.137704546766354797e-04 -1.291457176854885966e-02
1.490000000000000000e+02 1.207419026560124564e+00 3.085201585650736221e-04 -1.276432312999998403e-02
1.500000000000000000e+02 1.200457138018784953e+00 3.032336833701599677e-04 -1.261048139125164197e-02
1.510000000000000000e+02 1.193524042709882327e+00 2.979356248314663923e-04 -1.245314018823001981e-02
1.520000000000000000e+02 1.186617895241689924e+00 2.927056370351855449e-04 -1.229239315686496588e-02
1.530000000000000000e+02 1.179736850223071620e+00 2.873877569944969308e-04 -1.212833393308849345e-02
1.540000000000000000e+02 1.172879062262395022e+00 2.821265713637375206e-04 -1.196105615282948113e-02
1.550000000000000000e+02 1.166042685968458281e+00 2.767907760475660098e-04 -1.179065345201458885e-02
1.560000000000000000e+02 1.159225875949822182e+00 2.715584995348369751e-04 -1.161721946657670070e-02
1.570000000000000000e+02 1.152426786815322179e+00 2.663139496673841834e-04 -1.144084783244206024e-02
1.580000000000000000e+02 1.145643573173425356e+00 2.610769852441440332e-04 -1.126163218554435651e-02
1.590000000000000000e+02 1.138874389632922313e+00 2.558693430447471083e-04 -1.107966616181025980e-02
1.600000000000000000e+02 1.132117390802478640e+00 2.507017710501151784e-04 -1.089504339716956989e-02
1.610000000000000000e+02 1.125370929452846891e+00 2.455973459316423946e-04 -1.070785726356705998e-02
1.620000000000000000e+02 1.118634151003198740e+00 2.404979755222342794e-04 -1.051820007700672924e-02
1.630000000000000000e+02 1.111906399034753079e+00 2.354164273108215303e-04 -1.032616388950915835e-02
1.640000000000000000e+02 1.105187017128770099e+00 2.304266394202297830e-04 -1.013184075309508936e-02
1.650000000000000000e+02 1.098475348866518431e+00 2.254526906835058674e-04 -9.935322719780433076e-03
1.660000000000000000e+02 1.091770737829241389e+00 2.205463165478875240e-04 -9.736701841588493722e-03
1.670000000000000000e+02 1.085072527598126335e+00 2.157079054425112372e-04 -9.536070170536335711e-03
1.680000000000000000e+02 1.078380061754445229e+00 2.108799597393996861e-04 -9.333519758645174649e-03
1.690000000000000000e+02 1.071692683879676755e+00 2.061727340121572252e-04 -9.129142657933736818e-03
1.700000000000000000e+02 1.065009737554985181e+00 2.014793046616277265e-04 -8.923030920421758105e-03
1.710000000000000000e+02 1.058330566361842973e+00 1.968873035060232928e-04 -8.715276598128469596e-03
1.720000000000000000e+02 1.051654513881669750e+00 1.923347372822377355e-04 -8.505971743074314945e-03
1.730000000000000000e+02 1.044980923695650432e+00 1.879017392569993952e-04 -8.295208407277911145e-03
1.740000000000000000e+02 1.038309139385335200e+00 1.835016737331618744e-04 -8.083078642759325416e-03
1.750000000000000000e+02 1.031638504531980916e+00 1.792386038954057624e-04 -7.869674501538621511e-03
1.760000000000000000e+02 1.024968362717142423e+00 1.750393431779368760e-04 -7.655088035634469330e-03
1.770000000000000000e+02 1.018298057522329048e+00 1.709387667601261311e-04 -7.439411297067301254e-03
1.780000000000000000e+02 1.011626932528834732e+00 1.669300190745808389e-04 -7.222736337856411684e-03
1.790000000000000000e+02 1.004954331318302474e+00 1.630127962536800468e-04 -7.005155210021582479e-03
1.800000000000000000e+02 9.982797225268227326e-01 1.592078098883484651e-04 -6.786758020887161298e-03
1.810000000000000000e+02 9.916030750096888058e-01 1.554939549709185426e-04 -6.567627099005604423e-03
1.820000000000000000e+02 9.849244826765248817e-01 1.518803477988323665e-04 -6.347842828232471563e-03
1.830000000000000000e+02 9.782440394374127823e-01 1.484043095525411631e-04 -6.127485592426628810e-03
1.840000000000000000e+02 9.715618392019899074e-01 1.450216077778548787e-04 -5.906635775443169235e-03
1.850000000000000000e+02 9.648779758803690543e-01 1.417303152917559061e-04 -5.685373761138995223e-03
1.860000000000000000e+02 9.581925433822566784e-01 1.385729847046921360e-04 -5.463779933372687504e-03
1.870000000000000000e+02 9.515056356177175045e-01 1.355588945461053542e-04 -5.241934675999057255e-03
1.880000000000000000e+02 9.448173464967095647e-01 1.326362157077229191e-04 -5.019918372875865550e-03
1.890000000000000000e+02 9.381277699291702410e-01 1.298468258246876896e-04 -4.797811407861037394e-03
1.900000000000000000e+02 9.314369998250942029e-01 1.271759449236481584e-04 -4.575694164810031883e-03
1.910000000000000000e+02 9.247451300946084585e-01 1.246467232376974993e-04 -4.353647027581024689e-03
1.920000000000000000e+02 9.180522546476638235e-01 1.222193960579107683e-04 -4.131750380029684810e-03
1.930000000000000000e+02 9.113584673943689873e-01 1.199632747851507320e-04 -3.910084606014251236e-03
1.940000000000000000e+02 9.046638622448118783e-01 1.177828977625190070e-04 -3.688730089390432863e-03
1.950000000000000000e+02 8.979685331091336042e-01 1.158036140056490206e-04 -3.467767214015149858e-03
1.960000000000000000e+02 8.912725738973580336e-01 1.139477536126862781e-04 -3.247276363746441716e-03
1.970000000000000000e+02 8.845760785198305554e-01 1.122255634785391008e-04 -3.027337922439780546e-03
1.980000000000000000e+02 8.778791408866808421e-01 1.106258703714712850e-04 -2.808032273952900532e-03
1.990000000000000000e+02 8.711818549080222462e-01 1.091947500753285340e-04 -2.589439802143299937e-03
2.000000000000000000e+02 8.644843144941400936e-01 1.078957029869936050e-04 -2.371640890867057153e-03
2.010000000000000000e+02 8.577866796876657540e-01 1.067728519193919377e-04 -2.154712375556758468e-03
2.020000000000000000e+02 8.510893750605046382e-01 1.057732289710826864e-04 -1.938716897950155255e-03
2.030000000000000000e+02 8.443928913170587469e-01 1.049263343416838870e-04 -1.723713551360518638e-03
2.040000000000000000e+02 8.376977191613990126e-01 1.042561367373359715e-04 -1.509761429098958278e-03
2.050000000000000000e+02 8.310043492979795055e-01 1.037200053572392863e-04 -1.296919624479068609e-03
2.060000000000000000e+02 8.243132724311085235e-01 1.033333309299565284e-04 -1.085247230814853680e-03
2.070000000000000000e+02 8.176249792652050541e-01 1.031095246692356206e-04 -8.748033414180094846e-04
2.080000000000000000e+02 8.109399605047232784e-01 1.030433850871266787e-04 -6.656470496018024883e-04
2.090000000000000000e+02 8.042587068539719386e-01 1.031079896557377722e-04 -4.578374486790951262e-04
2.100000000000000000e+02 7.975817090175747470e-01 1.033631261270577788e-04 -2.514336319626916667e-04
2.110000000000000000e+02 7.909094576999703419e-01 1.037584152360382806e-04 -4.649469276556232871e-05
2.120000000000000000e+02 7.842424436056596448e-01 1.043045599774782830e-04 1.569202755994630188e-04
2.130000000000000000e+02 7.775811574391345848e-01 1.049954362756496334e-04 3.587521798195741581e-04
2.140000000000000000e+02 7.709260899051134652e-01 1.058496216411835118e-04 5.589419265817650645e-04
2.150000000000000000e+02 7.642777317082628530e-01 1.068686386256457408e-04 7.574304225732331501e-04
2.160000000000000000e+02 7.576365735530324885e-01 1.080556047206524808e-04 9.541585744810604681e-04
2.170000000000000000e+02 7.510031061441914124e-01 1.093930391092636667e-04 1.149067288992108166e-03
2.180000000000000000e+02 7.443778201865508537e-01 1.108728054632662259e-04 1.342097472794287222e-03
2.190000000000000000e+02 7.377612063848018042e-01 1.125352913763541621e-04 1.533190032573688785e-03
2.200000000000000000e+02 7.311537554436464692e-01 1.143388385201305840e-04 1.722285875018593222e-03
2.210000000000000000e+02 7.245559580680204226e-01 1.163053942630400269e-04 1.909325906815363813e-03
2.220000000000000000e+02 7.179683049626408575e-01 1.184444832639785508e-04 2.094251034651255922e-03
2.230000000000000000e+02 7.113912868325144023e-01 1.207195883191182560e-04 2.277002165212404713e-03
2.240000000000000000e+02 7.048254115383191243e-01 1.231822885333667690e-04 2.457525091485032124e-03
2.250000000000000000e+02 6.982712555635979257e-01 1.258018447019973245e-04 2.635785151637667131e-03
2.260000000000000000e+02 6.917294125479338529e-01 1.285578450079779872e-04 2.811752570139610698e-03
2.270000000000000000e+02 6.852004761307692871e-01 1.314962481846427482e-04 2.985397571457488412e-03
2.280000000000000000e+02 6.786850399516135557e-01 1.345948915933693171e-04 3.156690380059858341e-03
2.290000000000000000e+02 6.721836976501499583e-01 1.378093105243569550e-04 3.325601220413593705e-03
2.300000000000000000e+02 6.656970428659005901e-01 1.411939880824771812e-04 3.492100316987493697e-03
2.310000000000000000e+02 6.592256692385138894e-01 1.447494175359321047e-04 3.656157894247855610e-03
2.320000000000000000e+02 6.527701704077838452e-01 1.484167699960788436e-04 3.817744176663783514e-03
2.330000000000000000e+02 6.463311400133207041e-01 1.522661232126773609e-04 3.976829388701946799e-03
2.340000000000000000e+02 6.399091716949205644e-01 1.562485693187874248e-04 4.133383754830096020e-03
2.350000000000000000e+02 6.335048590924958756e-01 1.603536531077030250e-04 4.287377499516191633e-03
2.360000000000000000e+02 6.271187958457550282e-01 1.646168549022983371e-04 4.438780847227574364e-03
2.370000000000000000e+02 6.207515755947319303e-01 1.690260168704878804e-04 4.587564022432665672e-03
2.380000000000000000e+02 6.144037919792163516e-01 1.735874288885645321e-04 4.733697249598474953e-03
2.390000000000000000e+02 6.080760386393557759e-01 1.782575500199073027e-04 4.877150753193114016e-03
2.400000000000000000e+02 6.017689092150959596e-01 1.830970884512073084e-04 5.017894757684153439e-03
2.410000000000000000e+02 5.954829973465299853e-01 1.880320633830789552e-04 5.155899487538660730e-03
2.420000000000000000e+02 5.892188966736747746e-01 1.931210233133755455e-04 5.291135167224823160e-03
2.430000000000000000e+02 5.829772008368885317e-01 1.983267775339876866e-04 5.423572021211132445e-03
2.440000000000000000e+02 5.767585034762502394e-01 2.037003607076611324e-04 5.553180273964038530e-03
2.450000000000000000e+02 5.705633982320592601e-01 2.091873886152665143e-04 5.679930149951926445e-03
2.460000000000000000e+02 5.643924787446902291e-01 2.147596046727536488e-04 5.803791873641975588e-03
2.470000000000000000e+02 5.582463386543815576e-01 2.205045252066609055e-04 5.924735669501750464e-03
2.480000000000000000e+02 5.521255716015646131e-01 2.263469152635134616e-04 6.042731761999951823e-03
2.490000000000000000e+02 5.460307712267986613e-01 2.323204422770298850e-04 6.157750375603386964e-03
2.500000000000000000e+02 5.399625104659609987e-01 2.384152218029227490e-04 6.269767113359918549e-03
2.510000000000000000e+02 5.339212794371331894e-01 2.446314345683734022e-04 6.378779092634056028e-03
2.520000000000000000e+02 5.279075475538164142e-01 2.509438321079013540e-04 6.484788809371890700e-03
2.530000000000000000e+02 5.219217842296606236e-01 2.573930510639625951e-04 6.587798759518288284e-03
2.540000000000000000e+02 5.159644588781404639e-01 2.639502753650229848e-04 6.687811439017980926e-03
2.550000000000000000e+02 5.100360409131042827e-01 2.705927278365922116e-04 6.784829343815912406e-03
2.560000000000000000e+02 5.041369997482347820e-01 2.773455624306902048e-04 6.878854969857567739e-03
2.570000000000000000e+02 4.982678047973777002e-01 2.841900982167658578e-04 6.969890813087869022e-03
2.580000000000000000e+02 4.924289254743680622e-01 2.911437162555747084e-04 7.057939369450140672e-03
2.590000000000000000e+02 4.866208311932097019e-01 2.981744320063386424e-04 7.143003134891330076e-03
2.600000000000000000e+02 4.808439913677660105e-01 3.053085179609984850e-04 7.225084605358771464e-03
2.610000000000000000e+02 4.750988754122150159e-01 3.125211665454358202e-04 7.304186276794338156e-03
2.620000000000000000e+02 4.693859527405365162e-01 3.198074153694807501e-04 7.380310645142426629e-03
2.630000000000000000e+02 4.637056927669620521e-01 3.271940996957167411e-04 7.453460206356891070e-03
2.640000000000000000e+02 4.580585649057392628e-01 3.346568553555843376e-04 7.523637456367651688e-03
2.650000000000000000e+02 4.524450385711706879e-01 3.421789661642150957e-04 7.590844891128250421e-03
2.660000000000000000e+02 4.468655831776505716e-01 3.497805148671637708e-04 7.655085006582418479e-03
2.670000000000000000e+02 4.413206681395054343e-01 3.574347700418645355e-04 7.716360298677792801e-03
2.680000000000000000e+02 4.358107628712941661e-01 3.651862606171434088e-04 7.774673263359606866e-03
2.690000000000000000e+02 4.303363367876458789e-01 3.729680513309356475e-04 7.830026396564646052e-03
2.700000000000000000e+02 4.248978593031036977e-01 3.808056850901228802e-04 7.882422194247383843e-03
2.710000000000000000e+02 4.194957998323566861e-01 3.887039325029938304e-04 7.931863152354298382e-03
2.720000000000000000e+02 4.141306277902725430e-01 3.966820400191564265e-04 7.978351766818173041e-03
2.730000000000000000e+02 4.088028125916791655e-01 4.046905301524123433e-04 8.021890533596332321e-03
2.740000000000000000e+02 4.035128236514658462e-01 4.127466516562839694e-04 8.062481948626675290e-03
2.750000000000000000e+02 3.982611303846801398e-01 4.208442086898964976e-04 8.100128507859426230e-03
2.760000000000000000e+02 3.930482022063758740e-01 4.289611933635318936e-04 8.134832707238644212e-03
2.770000000000000000e+02 3.878745085316504526e-01 4.371593327818464655e-04 8.166597042702746986e-03
2.780000000000000000e+02 3.827405187758608496e-01 4.453469048616970740e-04 8.195424010203044771e-03
2.790000000000000000e+02 3.776466541916568276e-01 4.535878151348976019e-04 8.221320673088469352e-03
2.800000000000000000e+02 3.725931433814799187e-01 4.618392685455029677e-04 8.244312364323696379e-03
2.810000000000000000e+02 3.675801667853920152e-01 4.701219186500298465e-04 8.264428984273472500e-03
2.820000000000000000e+02 3.626079048434823759e-01 4.784322255013186706e-04 8.281700433307762413e-03
2.830000000000000000e+02 3.576765379958039004e-01 4.867363594501595073e-04 8.296156611788486901e-03
2.840000000000000000e+02 3.527862466827140775e-01 4.950684322907993864e-04 8.307827420097196880e-03
2.850000000000000000e+02 3.479372113444583747e-01 5.034295465302648454e-04 8.316742758592860635e-03
2.860000000000000000e+02 3.431296124215094112e-01 5.117604533986670192e-04 8.322932527639652356e-03
2.870000000000000000e+02 3.383636303542721380e-01 5.201035058760084592e-04 8.326426627616652712e-03
2.880000000000000000e+02 3.336394455834731931e-01 5.284397115241426784e-04 8.327254958882273142e-03
2.890000000000000000e+02 3.289572385497543938e-01 5.368149190990144934e-04 8.325447421806979678e-03
2.900000000000000000e+02 3.243171896938933374e-01 5.451346618148871425e-04 8.321033916765972413e-03
2.910000000000000000e+02 3.197194794567923548e-01 5.534590466361957338e-04 8.314044344115657445e-03
2.920000000000000000e+02 3.151642882794166156e-01 5.617695084860539843e-04 8.304508604231108232e-03
2.930000000000000000e+02 3.106517966028405908e-01 5.700564168483404507e-04 8.292456597476989891e-03
2.940000000000000000e+02 3.061821848682401148e-01 5.783111162403696244e-04 8.277918224228068833e-03
2.950000000000000000e+02 3.017556335168855575e-01 5.865638597422462687e-04 8.260923384846163495e-03
2.960000000000000000e+02 2.973723229901860110e-01 5.947711642704014414e-04 8.241501979700473560e-03
2.970000000000000000e+02 2.930324337296826842e-01 6.029272347754658420e-04 8.219683909155466386e-03
2.980000000000000000e+02 2.887361461768817583e-01 6.110738944899295633e-04 8.195499073585422664e-03
2.990000000000000000e+02 2.844836407735646944e-01 6.191932415126438468e-04 8.168977373357214078e-03
3.000000000000000000e+02 2.802750979614655469e-01 6.272569907363710617e-04 8.140148708834393787e-03
3.010000000000000000e+02 2.761106981825769968e-01 6.352591095673730754e-04 8.109042980391441974e-03
3.020000000000000000e+02 2.719906218789852614e-01 6.432191936779757795e-04 8.075690088391707100e-03
3.030000000000000000e+02 2.679150494927630133e-01 6.511328420829583892e-04 8.040119933206774094e-03
3.040000000000000000e+02 2.638841614661673884e-01 6.589755219471631282e-04 8.002362415199824885e-03
3.050000000000000000e+02 2.598981382417316355e-01 6.667515421752441942e-04 7.962447434739663640e-03
3.060000000000000000e+02 2.559571602618558872e-01 6.744832791435331851e-04 7.920404892199283883e-03
3.070000000000000000e+02 2.520614079692033993e-01 6.821442619117410811e-04 7.876264687939678322e-03
3.080000000000000000e+02 2.482110618065916929e-01 6.897240216540130673e-04 7.830056722338432293e-03
3.090000000000000000e+02 2.444063022168388999e-01 6.972448628159651262e-04 7.781810895753844479e-03
3.100000000000000000e+02 2.406473096430519487e-01 7.046840151887035029e-04 7.731557108558228392e-03
3.110000000000000000e+02 2.369342645283751825e-01 7.120213033594122078e-04 7.679325261121817611e-03
3.120000000000000000e+02 2.332672912384351205e-01 7.192902685869640095e-04 7.625147316471301943e-03
3.130000000000000000e+02 2.296462898287858490e-01 7.264576147031319431e-04 7.569063488272719138e-03
3.140000000000000000e+02 2.260711042774896096e-01 7.335757886982945900e-04 7.511116052862802650e-03
3.150000000000000000e+02 2.225415785627233856e-01 7.405564793031719833e-04 7.451347286574707199e-03
3.160000000000000000e+02 2.190575566627622206e-01 7.474674519480666761e-04 7.389799465730800994e-03
3.170000000000000000e+02 2.156188825561508315e-01 7.542670041546101212e-04 7.326514866668159230e-03
3.180000000000000000e+02 2.122254002214997159e-01 7.610091667360949740e-04 7.261535765721670484e-03
3.190000000000000000e+02 2.088769536375631175e-01 7.675977986216368830e-04 7.194904439216928682e-03
3.200000000000000000e+02 2.055733867832693906e-01 7.741248878407087789e-04 7.126663163486116233e-03
3.210000000000000000e+02 2.023145436377047079e-01 7.805427224497110119e-04 7.056854214860700837e-03
3.220000000000000000e+02 1.991002681800981833e-01 7.868126310419692364e-04 6.985519869668907131e-03
3.230000000000000000e+02 1.959304043898513481e-01 7.930362050557401843e-04 6.912702404251115824e-03
3.240000000000000000e+02 1.928047962464787823e-01 7.991139049936806394e-04 6.838444094925936849e-03
3.250000000000000000e+02 1.897232877297710396e-01 8.051066634142519047e-04 6.762787218036824845e-03
3.260000000000000000e+02 1.866857228196016905e-01 8.109183318644323010e-04 6.685774049905041268e-03
3.270000000000000000e+02 1.836919454960021514e-01 8.166668942367709665e-04 6.607446866871368417e-03
3.280000000000000000e+02 1.807417997392344045e-01 8.222956987329130144e-04 6.527847945254125657e-03
3.290000000000000000e+02 1.778351295296463352e-01 8.278024965869330192e-04 6.447019561398990677e-03
3.300000000000000000e+02 1.749717788479165093e-01 8.331591990316942120e-04 6.365003991628733274e-03
3.310000000000000000e+02 1.721515916747812514e-01 8.384331400750329264e-04 6.281843512271215527e-03
3.320000000000000000e+02 1.693744119911510249e-01 8.435475113011574929e-04 6.197580399669501763e-03
3.330000000000000000e+02 1.666400837781815414e-01 8.485115032533886497e-04 6.112256930141245215e-03
3.340000000000000000e+02 1.639484510172581067e-01 8.534078106287536127e-04 6.025915380027121494e-03
3.350000000000000000e+02 1.612993576898988923e-01 8.581421172732042746e-04 5.938598025658763102e-03
3.360000000000000000e+02 1.586926477777846067e-01 8.627487596975861846e-04 5.850347143360794255e-03
3.370000000000000000e+02 1.561281652628285777e-01 8.672031000657052721e-04 5.761205009465096387e-03
3.380000000000000000e+02 1.536057541272034255e-01 8.715363224549289812e-04 5.671213900308278918e-03
3.390000000000000000e+02 1.511252583532468052e-01 8.756872983303397003e-04 5.580416092217073756e-03
3.400000000000000000e+02 1.486865219234894120e-01 8.797102046503231824e-04 5.488853861526474427e-03
3.410000000000000000e+02 1.462893888206837634e-01 8.836079115404909959e-04 5.396569484565193024e-03
3.420000000000000000e+02 1.439337030278312335e-01 8.873678399452461854e-04 5.303605237661544389e-03
3.430000000000000000e+02 1.416193085280906816e-01 8.909225356341666244e-04 5.210003397153070356e-03
3.440000000000000000e+02 1.393460493049249738e-01 8.943660084418026584e-04 5.115806239368292201e-03
3.450000000000000000e+02 1.371137693419703929e-01 8.976561369396276460e-04 5.021056040636489269e-03
3.460000000000000000e+02 1.349223126231427761e-01 9.007707783943132629e-04 4.925795077289333961e-03
3.470000000000000000e+02 1.327715231325095613e-01 9.037488560332382261e-04 4.830065625658631380e-03
3.480000000000000000e+02 1.306612448544720584e-01 9.065561065122455147e-04 4.733909962077964724e-03
3.490000000000000000e+02 1.285912845082320122e-01 9.092022436423701816e-04 4.637368937026602363e-03
3.500000000000000000e+02 1.265612997517419069e-01 9.116819313963452640e-04 4.540477697579676543e-03
3.510000000000000000e+02 1.245709109777484586e-01 9.139991870159715854e-04 4.443269964972541668e-03
3.520000000000000000e+02 1.226197385793074690e-01 9.161456726581185955e-04 4.345779460434000957e-03
3.530000000000000000e+02 1.207074029497371137e-01 9.181122642651777825e-04 4.248039905190304118e-03
3.540000000000000000e+02 1.188335244826165399e-01 9.199705061472497527e-04 4.150085020469017512e-03
3.550000000000000000e+02 1.169977235717353792e-01 9.216702333315783188e-04 4.051948527502767690e-03
3.560000000000000000e+02 1.151996206112812504e-01 9.231752822697458088e-04 3.953664147518155640e-03
3.570000000000000000e+02 1.134388359956040732e-01 9.245372161652556323e-04 3.855265601746969608e-03
3.580000000000000000e+02 1.117149901193659756e-01 9.257238596895426847e-04 3.756786611418855455e-03
3.590000000000000000e+02 1.100277033775994562e-01 9.267340460473760030e-04 3.658260897757842009e-03
3.600000000000000000e+02 1.083765961655282634e-01 9.276423584716630586e-04 3.559722181996950036e-03
3.610000000000000000e+02 1.067612888787009134e-01 9.283563662951529278e-04 3.461204185364441521e-03
3.620000000000000000e+02 1.051814019129887201e-01 9.289362390042070483e-04 3.362740629090078120e-03
3.630000000000000000e+02 1.036365556646165337e-01 9.293477251488588926e-04 3.264365234401972633e-03
3.640000000000000000e+02 1.021263705300129304e-01 9.295938146331249969e-04 3.166111722529526759e-03
3.650000000000000000e+02 1.006504669060198642e-01 9.296928849992293657e-04 3.068013814702072375e-03
3.660000000000000000e+02 9.920846518974617279e-02 9.296294392975296269e-04 2.970105232148606555e-03
3.670000000000000000e+02 9.779998577870438470e-02 9.294206166615097539e-04 2.872419696098223087e-03
3.680000000000000000e+02 9.642464907063323654e-02 9.290733045420602847e-04 2.774990927780185326e-03
3.690000000000000000e+02 9.508207546373109720e-02 9.285689387099903313e-04 2.677852648423312536e-03
3.700000000000000000e+02 9.377188535648596501e-02 9.278538177821760375e-04 2.581038579256751415e-03
3.710000000000000000e+02 9.249369914773407364e-02 9.270248473166354001e-04 2.484582441509702432e-03
3.720000000000000000e+02 9.124713723669700127e-02 9.260535074113661032e-04 2.388517956411156593e-03
3.730000000000000000e+02 9.003182002293806663e-02 9.249627322186581950e-04 2.292878845190645699e-03
3.740000000000000000e+02 8.884736790639659321e-02 9.236528866088466279e-04 2.197698829076636436e-03
3.750000000000000000e+02 8.769340128741755225e-02 9.222495890414530778e-04 2.103011629298621142e-03
3.760000000000000000e+02 8.656954056671344044e-02 9.206669677882517704e-04 2.008850967085515360e-03
3.770000000000000000e+02 8.547540614539717030e-02 9.189187721281276162e-04 1.915250563666729246e-03
3.780000000000000000e+02 8.441061842494397560e-02 9.170305933316449856e-04 1.822244140271251636e-03
3.790000000000000000e+02 8.337479780732262591e-02 9.149934910501473888e-04 1.729865418127730058e-03
3.800000000000000000e+02 8.236756469479562803e-02 9.128545538612299354e-04 1.638148118465844200e-03
3.810000000000000000e+02 8.138853949017656186e-02 9.105419669817620869e-04 1.547125962514422654e-03
3.820000000000000000e+02 8.043734259657248087e-02 9.080200530165765315e-04 1.456832671502816812e-03
3.830000000000000000e+02 7.951359441766783775e-02 9.053938238174285506e-04 1.367301966660001413e-03
3.840000000000000000e+02 7.861691535743663140e-02 9.026274333203516357e-04 1.278567569214973752e-03
3.850000000000000000e+02 7.774692582046145717e-02 8.997083356368082083e-04 1.190663200396820890e-03
3.860000000000000000e+02 7.690324621167358987e-02 8.966822462880694655e-04 1.103622581434787970e-03
3.870000000000000000e+02 7.608549693648312962e-02 8.934229106605176421e-04 1.017479433557721144e-03
3.880000000000000000e+02 7.529329415996877106e-02 8.901385640023258073e-04 9.322637711822365746e-04
3.890000000000000000e+02 7.452623708436166561e-02 8.866270259176312887e-04 8.479907814734558968e-04
3.900000000000000000e+02 7.378392067155559175e-02 8.829609566649172228e-04 7.646719447831042604e-04
3.910000000000000000e+02 7.306593988386458904e-02 8.791811464164042125e-04 6.823187414636365912e-04
3.920000000000000000e+02 7.237188968418449553e-02 8.752760476269551412e-04 6.009426518671840724e-04
3.930000000000000000e+02 7.170136503595368749e-02 8.712559602741805180e-04 5.205551563460433361e-04
3.940000000000000000e+02 7.105396090304171020e-02 8.670590809567099710e-04 4.411677352522491800e-04
3.950000000000000000e+02 7.042927224995607083e-02 8.628260471436842698e-04 3.627918689380552476e-04
3.960000000000000000e+02 6.982689404166808611e-02 8.583573337498195781e-04 2.854390377557190317e-04
3.970000000000000000e+02 6.924642124376319263e-02 8.538499729384185820e-04 2.091207220574092286e-04
3.980000000000000000e+02 6.868744882238317362e-02 8.492169193117385731e-04 1.338484021952940470e-04
3.990000000000000000e+02 6.814957174422713038e-02 8.444492134123243168e-04 5.963355852156758071e-05
4.000000000000000000e+02 6.763238497655946202e-02 8.395093400903179967e-04 -1.351232861158276959e-05
4.010000000000000000e+02 6.713548348732395477e-02 8.345153294204172428e-04 -8.557777885194975561e-05
4.020000000000000000e+02 6.665846224494872962e-02 8.293922602049212797e-04 -1.565513118473384245e-04
4.030000000000000000e+02 6.620091621860607622e-02 8.241813077033908726e-04 -2.264214472455683858e-04
4.040000000000000000e+02 6.576244037801541598e-02 8.188504630025243225e-04 -2.951767046944477274e-04
4.050000000000000000e+02 6.534262969359404261e-02 8.134161259341070749e-04 -3.628056038418324999e-04
4.060000000000000000e+02 6.494107913631241846e-02 8.079440931121272765e-04 -4.292966643352333269e-04
4.070000000000000000e+02 6.455738367793320553e-02 8.023153718332273537e-04 -4.946384058230341840e-04
4.080000000000000000e+02 6.419113829078343381e-02 7.966321328026975757e-04 -5.588193479526566004e-04
4.090000000000000000e+02 6.384193794796085009e-02 7.907520878756644622e-04 -6.218280103718096903e-04
4.100000000000000000e+02 6.350937762322425573e-02 7.848280120769950043e-04 -6.836529127285971086e-04
4.110000000000000000e+02 6.319305229102790966e-02 7.789092442324951687e-04 -7.442825746705174174e-04
4.120000000000000000e+02 6.289255692658587971e-02 7.727836609320829116e-04 -8.037055158456879326e-04
4.130000000000000000e+02 6.260748650584410657e-02 7.666690097536720330e-04 -8.619102559015777258e-04
4.140000000000000000e+02 6.233743600546637342e-02 7.604008954363566247e-04 -9.188853144864918970e-04
4.150000000000000000e+02 6.208200040294357264e-02 7.541429697226233447e-04 -9.746192112477695220e-04
4.160000000000000000e+02 6.184077467649665844e-02 7.477204889654834492e-04 -1.029100465833263046e-03
4.170000000000000000e+02 6.161335380513867366e-02 7.413391015981084372e-04 -1.082317597890899291e-03
4.180000000000000000e+02 6.139933276873137113e-02 7.348076212242909489e-04 -1.134259127068787008e-03
4.190000000000000000e+02 6.119830654794140845e-02 7.282170489122933481e-04 -1.184913573014261369e-03
4.200000000000000000e+02 6.100987012422666445e-02 7.215673438664480096e-04 -1.234269455375064124e-03
4.210000000000000000e+02 6.083361847994291083e-02 7.148994556946879986e-04 -1.282315293799705502e-03
4.220000000000000000e+02 6.066914659830668910e-02 7.081348711649485764e-04 -1.329039607935200620e-03
4.230000000000000000e+02 6.051604946345397890e-02 7.013501161241720173e-04 -1.374430917429811426e-03
4.240000000000000000e+02 6.037392206036916453e-02 6.943921687808114317e-04 -1.418477741931053939e-03
4.250000000000000000e+02 6.024235937492646714e-02 6.874733232983359877e-04 -1.461168601087107924e-03
4.260000000000000000e+02 6.012095639404899799e-02 6.805462065707759732e-04 -1.502492014545368402e-03
4.270000000000000000e+02 6.000932927504561143e-02 6.734790625227483115e-04 -1.542440023706477493e-03
4.280000000000000000e+02 5.990717885467135989e-02 6.664393977342638253e-04 -1.581018756981002410e-03
4.290000000000000000e+02 5.981422714013034242e-02 6.593233378757121796e-04 -1.618237864531572433e-03
4.300000000000000000e+02 5.973019613968235525e-02 6.522199313763774953e-04 -1.654106996521524826e-03
4.310000000000000000e+02 5.965480786264825558e-02 6.450656895786612130e-04 -1.688635803113595771e-03
4.320000000000000000e+02 5.958778431931703590e-02 6.378183719208228722e-04 -1.721833934471140963e-03
4.330000000000000000e+02 5.952884752107248656e-02 6.305717739691347849e-04 -1.753711040757089572e-03
4.340000000000000000e+02 5.947771948040524864e-02 6.233494243016733704e-04 -1.784276772134406330e-03
4.350000000000000000e+02 5.943412221083927555e-02 6.160774840779154786e-04 -1.813540778766053584e-03
4.360000000000000000e+02 5.939777772704228631e-02 6.087095229382887300e-04 -1.841512710814948795e-03
4.370000000000000000e+02 5.936840804488210249e-02 6.014371973048973771e-04 -1.868202218444417516e-03
4.380000000000000000e+02 5.934573518133320208e-02 5.940164740979058441e-04 -1.893618951817415807e-03
4.390000000000000000e+02 5.932948115453853810e-02 5.867552972493909023e-04 -1.917772561096739046e-03
4.400000000000000000e+02 5.931936798388921100e-02 5.794031907331159692e-04 -1.940672696445711271e-03
4.410000000000000000e+02 5.931511768998390388e-02 5.720261493499520034e-04 -1.962329008027177083e-03
4.420000000000000000e+02 5.931645229466844110e-02 5.646643558379144589e-04 -1.982751146004186650e-03
4.430000000000000000e+02 5.932309382108880147e-02 5.573325409594165943e-04 -2.001948760539480274e-03
4.440000000000000000e+02 5.933476429361039806e-02 5.498980879251437817e-04 -2.019931501796637212e-03
4.450000000000000000e+02 5.935118573804106651e-02 5.426258352695782512e-04 -2.036709019938375866e-03
4.460000000000000000e+02 5.937208018145558736e-02 5.352505198257193888e-04 -2.052290965127702600e-03
4.470000000000000000e+02 5.939716965230033147e-02 5.279195740475375442e-04 -2.066686987527634623e-03
4.480000000000000000e+02 5.942617618045724359e-02 5.205814176351872789e-04 -2.079906737301166590e-03
4.490000000000000000e+02 5.945882179720862748e-02 5.133128405925040582e-04 -2.091959864611459691e-03
4.500000000000000000e+02 5.949482853529548115e-02 5.060684847990580288e-04 -2.102856019621574934e-03
4.510000000000000000e+02 5.953391842889216301e-02 4.987482553986037712e-04 -2.112604852494207302e-03
4.520000000000000000e+02 5.957581351377801149e-02 4.915035359122964329e-04 -2.121216013392570026e-03
4.530000000000000000e+02 5.962023582717343451e-02 4.843236843006105247e-04 -2.128699152479893251e-03
4.540000000000000000e+02 5.966690740791415898e-02 4.771054041327220992e-04 -2.135063919918933541e-03
4.550000000000000000e+02 5.971555029637713036e-02 4.699783635130742074e-04 -2.140319965872848618e-03
4.560000000000000000e+02 5.976588653463905942e-02 4.628838499341204589e-04 -2.144476940504483516e-03
4.570000000000000000e+02 5.981763816635518594e-02 4.558974422572473467e-04 -2.147544493977005930e-03
4.580000000000000000e+02 5.987052723691525802e-02 4.487709836467441635e-04 -2.149532276453422659e-03
4.590000000000000000e+02 5.992427579339538318e-02 4.418620751661273970e-04 -2.150449938096765656e-03
4.600000000000000000e+02 5.997860588464704046e-02 4.348760406238645713e-04 -2.150307129069842227e-03
4.610000000000000000e+02 6.003323956127301630e-02 4.280547433045244626e-04 -2.149113499536072901e-03
4.620000000000000000e+02 6.008789887571891475e-02 4.211728070267392577e-04 -2.146878699658138785e-03
4.630000000000000000e+02 6.014230588229112912e-02 4.143788777259834431e-04 -2.143612379599265684e-03
4.640000000000000000e+02 6.019618263711717931e-02 4.076731528285291810e-04 -2.139324189522312947e-03
4.650000000000000000e+02 6.024925119834494830e-02 4.010038803647739559e-04 -2.134023779590388855e-03
4.660000000000000000e+02 6.030126338184733925e-02 3.944484209328269942e-04 -2.127722482573453713e-03
4.670000000000000000e+02 6.035209002873397760e-02 3.878965297028953035e-04 -2.120438361668234954e-03
4.680000000000000000e+02 6.040163173802714364e-02 3.814957736075586339e-04 -2.112191162678487676e-03
4.690000000000000000e+02 6.044978911082257711e-02 3.752364410534233673e-04 -2.103000631408327367e-03
4.700000000000000000e+02 6.049646275027251857e-02 3.687910266285025036e-04 -2.092886513661122716e-03
4.710000000000000000e+02 6.054155326176293567e-02 3.625621135899621188e-04 -2.081868555240727267e-03
4.720000000000000000e+02 6.058496125283753531e-02 3.563885100828866992e-04 -2.069966501951008009e-03
4.730000000000000000e+02 6.062658733323067484e-02 3.502891221070111275e-04 -2.057200099595798103e-03
4.740000000000000000e+02 6.066633211503885681e-02 3.444007397975996682e-04 -2.043589093978856550e-03
4.750000000000000000e+02 6.070409621265710626e-02 3.383459173473426064e-04 -2.029153230903617960e-03
4.760000000000000000e+02 6.073978024280482502e-02 3.325771156875629068e-04 -2.013912256174389508e-03
4.770000000000000000e+02 6.077328482468803694e-02 3.268245806380953031e-04 -1.997885915594447073e-03
4.780000000000000000e+02 6.080451057991009822e-02 3.210263288001952674e-04 -1.981093954967644202e-03
4.790000000000000000e+02 6.083335813265162290e-02 3.153991201842655957e-04 -1.963556120098154494e-03
4.800000000000000000e+02 6.085972810960358498e-02 3.099783844588291175e-04 -1.945292156789208944e-03
4.810000000000000000e+02 6.088352114007035409e-02 3.045519711532812383e-04 -1.926321810844884228e-03
4.820000000000000000e+02 6.090463785604335184e-02 2.991470425180845806e-04 -1.906664828069041260e-03
4.830000000000000000e+02 6.092297889220821272e-02 2.939401150862304976e-04 -1.886340954265086460e-03
4.840000000000000000e+02 6.093844488598191417e-02 2.888559103248921527e-04 -1.865369935237132714e-03
4.850000000000000000e+02 6.095093647765727901e-02 2.836684652219965009e-04 -1.843771516788755361e-03
4.860000000000000000e+02 6.096035431038343555e-02 2.787004304894412929e-04 -1.821565444723748746e-03
4.870000000000000000e+02 6.096659903021604127e-02 2.738398500534734714e-04 -1.798771464845885749e-03
4.880000000000000000e+02 6.096957128621841027e-02 2.690857797631350458e-04 -1.775409322958874632e-03
4.890000000000000000e+02 6.096917173049151706e-02 2.643140323082437309e-04 -1.751498764866709669e-03
4.900000000000000000e+02 6.096530101824160219e-02 2.597970042761470156e-04 -1.727059536372849103e-03
4.910000000000000000e+02 6.095785980784856201e-02 2.554215597420411623e-04 -1.702111383281342287e-03
4.920000000000000000e+02 6.094674876090062920e-02 2.510164382922491842e-04 -1.676674051395624912e-03
4.930000000000000000e+02 6.093186854229943467e-02 2.467283731707982310e-04 -1.650767286519829596e-03
4.940000000000000000e+02 6.091311982028359273e-02 2.425793281964679776e-04 -1.624410834457588274e-03
4.950000000000000000e+02 6.089040326653331892e-02 2.385106957806449235e-04 -1.597624441012571042e-03
4.960000000000000000e+02 6.086361955621354125e-02 2.344971154888317289e-04 -1.570427851988825518e-03
4.970000000000000000e+02 6.083266936804795216e-02 2.307860391150085098e-04 -1.542840813189596356e-03
4.980000000000000000e+02 6.079745338438259650e-02 2.270217414919706550e-04 -1.514883070419178589e-03
4.990000000000000000e+02 6.075787229125910460e-02 2.233211782946457424e-04 -1.486574369480990346e-03
5.000000000000000000e+02 6.071382677852239784e-02 2.198941489008834503e-04 -1.457934456179037176e-03
5.010000000000000000e+02 6.066521753982503234e-02 2.164488006187231990e-04 -1.428983076316935833e-03
5.020000000000000000e+02 6.061194527280552163e-02 2.133258115890073652e-04 -1.399739975698621394e-03
5.030000000000000000e+02 6.055391067902474861e-02 2.102892633002078140e-04 -1.370224900127564463e-03
5.040000000000000000e+02 6.049101446420430267e-02 2.071010103242468096e-04 -1.340457595407843448e-03
5.050000000000000000e+02 6.042318029465763157e-02 2.042220167823959184e-04 -1.310457278440992600e-03
5.060000000000000000e+02 6.035042366685063747e-02 2.016525375776037968e-04 -1.280241050521251350e-03
5.070000000000000000e+02 6.027278303800590736e-02 1.989336502324435597e-04 -1.249825484040690540e-03
5.080000000000000000e+02 6.019029686979954219e-02 1.964211865355176454e-04 -1.219227151391291241e-03
5.090000000000000000e+02 6.010300362840135385e-02 1.939759507014564006e-04 -1.188462624965238353e-03
5.100000000000000000e+02 6.001094178460478212e-02 1.917828514330617378e-04 -1.157548477154667988e-03
5.110000000000000000e+02 5.991414981386671001e-02 1.896131723824935763e-04 -1.126501280351423087e-03
5.120000000000000000e+02 5.981266619642856136e-02 1.875669319385481009e-04 -1.095337606947877638e-03
5.130000000000000000e+02 5.970652941742580350e-02 1.857391494577063885e-04 -1.064074029335798036e-03
5.140000000000000000e+02 5.959577796698183744e-02 1.839539181064882062e-04 -1.032727119907520322e-03
5.150000000000000000e+02 5.948045034026840788e-02 1.821973341769432422e-04 -1.001313451055170630e-03
5.160000000000000000e+02 5.936058503765297145e-02 1.806857318257199874e-04 -9.698495951706007957e-04
5.170000000000000000e+02 5.923622056482058529e-02 1.792106889525101542e-04 -9.383521246460246662e-04
5.180000000000000000e+02 5.910739543279820013e-02 1.778779399533747421e-04 -9.068376118735975433e-04
5.190000000000000000e+02 5.897414815815578415e-02 1.766157652074232796e-04 -8.753226292451779826e-04
5.200000000000000000e+02 5.883651726305139801e-02 1.756582447197604924e-04 -8.438237491531284766e-04
5.210000000000000000e+02 5.869454127536240240e-02 1.748342059116512418e-04 -8.123575439893815234e-04
5.220000000000000000e+02 5.854825872884749510e-02 1.738542802785271457e-04 -7.809405861458970513e-04
5.230000000000000000e+02 5.839770816321061125e-02 1.729144110001857671e-04 -7.495894480151055325e-04
5.240000000000000000e+02 5.824292812420980153e-02 1.724493615835956406e-04 -7.183207019886472724e-04
5.250000000000000000e+02 5.808395716385607310e-02 1.720120760232096788e-04 -6.871509204590129163e-04
5.260000000000000000e+02 5.792083384047271022e-02 1.716100000685836396e-04 -6.560966758181153383e-04
5.270000000000000000e+02 5.775359671882931978e-02 1.712049429979918091e-04 -6.251745404580751455e-04
5.280000000000000000e+02 5.758228437031012725e-02 1.709851895841991325e-04 -5.944010867709859482e-04
5.290000000000000000e+02 5.740693537303649674e-02 1.709298551778172894e-04 -5.637928871486840758e-04
5.300000000000000000e+02 5.722758831198970775e-02 1.710724989310203367e-04 -5.333665139836851104e-04
5.310000000000000000e+02 5.704428177914218356e-02 1.712323013014563355e-04 -5.031385396677861329e-04
5.320000000000000000e+02 5.685705437361570497e-02 1.715834669421464074e-04 -4.731255365930035588e-04
5.330000000000000000e+02 5.666594470186980120e-02 1.719823139771387975e-04 -4.433440771516703361e-04
5.340000000000000000e+02 5.647099137778707756e-02 1.724929064091789701e-04 -4.138107337358770937e-04
5.350000000000000000e+02 5.627223302283028417e-02 1.730387296893279823e-04 -3.845420787374144076e-04
5.360000000000000000e+02 5.606970826626787863e-02 1.736121524875170971e-04 -3.555546845485270261e-04
5.370000000000000000e+02 5.586345574522068314e-02 1.746605113820530073e-04 -3.268651235613587581e-04
5.380000000000000000e+02 5.565351410496507945e-02 1.756614952197998710e-04 -2.984899681680537923e-04
5.390000000000000000e+02 5.543992199896495554e-02 1.766020437990503927e-04 -2.704457907605342724e-04
5.400000000000000000e+02 5.522271808913602892e-02 1.775736856362133205e-04 -2.427491637309235433e-04
5.410000000000000000e+02 5.500194104596384942e-02 1.789927810042313088e-04 -2.154166594711620175e-04
5.420000000000000000e+02 5.477762954871256279e-02 1.803319136056603001e-04 -1.884648503737432678e-04
5.430000000000000000e+02 5.454982228563254321e-02 1.817645915727892660e-04 -1.619103088303790758e-04
5.440000000000000000e+02 5.431856697444680665e-02 1.833759246638904305e-04 -1.357677553193001232e-04
5.450000000000000000e+02 5.408394742383647313e-02 1.850248918003252600e-04 -1.100445026623969819e-04
5.460000000000000000e+02 5.384605647239434217e-02 1.868141794689720634e-04 -8.474601176764317981e-05
5.470000000000000000e+02 5.360498696843585958e-02 1.886168898985767417e-04 -5.987774354292931027e-05
5.480000000000000000e+02 5.336083177019669554e-02 1.906534088687515921e-04 -3.544515889622945008e-05
5.490000000000000000e+02 5.311368374600768105e-02 1.928520998085221270e-04 -1.145371873544720122e-05
5.500000000000000000e+02 5.286363577462131758e-02 1.948299510001408200e-04 1.209111603147618877e-05
5.510000000000000000e+02 5.261078074529317722e-02 1.971169960345382961e-04 3.518388449661413958e-05
5.520000000000000000e+02 5.235521155803248700e-02 1.996303349854916412e-04 5.781912575201417882e-05
5.530000000000000000e+02 5.209702112391780687e-02 2.019456287855966479e-04 7.999137888977247578e-05
5.540000000000000000e+02 5.183630236519439632e-02 2.043993188687481029e-04 1.016951830019246437e-04
5.550000000000000000e+02 5.157314821565039259e-02 2.070438545061490700e-04 1.229250771805703857e-04
5.560000000000000000e+02 5.130765162074020502e-02 2.098630191713300166e-04 1.436756005177571396e-04
5.570000000000000000e+02 5.103990553786418721e-02 2.124546936794417102e-04 1.639412921055916354e-04
5.580000000000000000e+02 5.077000293667335851e-02 2.154042747823417233e-04 1.837166910361246451e-04
5.590000000000000000e+02 5.049803679925849581e-02 2.183066237777420040e-04 2.029963364012827719e-04
5.600000000000000000e+02 5.022410012045485511e-02 2.213582137423577743e-04 2.217747672933366909e-04
5.610000000000000000e+02 4.994828590809117369e-02 2.242744916694113487e-04 2.400465228043229167e-04
5.620000000000000000e+02 4.967068718326468624e-02 2.275559698385715385e-04 2.578061420262010395e-04
5.630000000000000000e+02 4.939139698065480449e-02 2.307010378167225579e-04 2.750481640511544560e-04
5.640000000000000000e+02 4.911050834872898035e-02 2.339559578819309384e-04 2.917671279711518098e-04
5.650000000000000000e+02 4.882811435016470858e-02 2.374031166134459947e-04 3.079575728782488328e-04
5.660000000000000000e+02 4.854430806202170157e-02 2.407808856776666321e-04 3.236140378647367997e-04
5.670000000000000000e+02 4.825918257610967155e-02 2.442551609018604373e-04 3.387310620224194741e-04
5.680000000000000000e+02 4.797283099932220241e-02 2.477847190645931586e-04 3.533031844433487390e-04
5.690000000000000000e+02 4.768534645389429366e-02 2.512784164913910330e-04 3.673249442198256811e-04
5.700000000000000000e+02 4.739682207780665513e-02 2.549682185438468130e-04 3.807908804438279158e-04
5.710000000000000000e+02 4.710735102504139821e-02 2.587339203777321755e-04 3.936955322073055195e-04
5.720000000000000000e+02 4.681702646599011225e-02 2.625529549740669905e-04 4.060334386024726802e-04
5.730000000000000000e+02 4.652594158778320527e-02 2.664186584364556230e-04 4.177991387213814980e-04
5.740000000000000000e+02 4.623418959460729588e-02 2.703117375795306221e-04 4.289871716559304953e-04
5.750000000000000000e+02 4.594186370814926090e-02 2.739456937954767380e-04 4.395920764984360463e-04
5.760000000000000000e+02 4.564905716791616691e-02 2.780926915004988632e-04 4.496083923407874581e-04
5.770000000000000000e+02 4.535586323160140099e-02 2.819942519653616990e-04 4.590306582751591826e-04
5.780000000000000000e+02 4.506237517555498895e-02 2.861146994043824643e-04 4.678534133934534288e-04
5.790000000000000000e+02 4.476868629509371533e-02 2.900663496327456721e-04 4.760711967880044602e-04
5.800000000000000000e+02 4.447488990496902689e-02 2.941351964140659489e-04 4.836785475506068244e-04
5.810000000000000000e+02 4.418107933979133900e-02 2.985564649942762166e-04 4.906700047734960683e-04
5.820000000000000000e+02 4.388734795439822728e-02 3.025135967846158337e-04 4.970401075486578302e-04
5.830000000000000000e+02 4.359378549418314874e-02 3.069373398356069942e-04 5.027852422693687966e-04
5.840000000000000000e+02 4.330046720503904351e-02 3.112930490373071223e-04 5.079091845333240244e-04
5.850000000000000000e+02 4.300746472435216378e-02 3.154005451224629257e-04 5.124175572391431038e-04
5.860000000000000000e+02 4.271484971152775950e-02 3.195536490459460386e-04 5.163159832858439614e-04
5.870000000000000000e+02 4.242269384855527903e-02 3.241253703470783941e-04 5.196100855720982292e-04
5.880000000000000000e+02 4.213106884045410977e-02 3.283002489997282366e-04 5.223054869967159921e-04
5.890000000000000000e+02 4.184004641582475537e-02 3.327779835111749286e-04 5.244078104587169111e-04
5.900000000000000000e+02 4.154969832728047652e-02 3.371649248035615701e-04 5.259226788565971944e-04
5.910000000000000000e+02 4.126009635205599851e-02 3.415442895378025282e-04 5.268557150894790687e-04
5.920000000000000000e+02 4.097131229247553269e-02 3.460380036647615920e-04 5.272125420559765950e-04
5.930000000000000000e+02 4.068341797652488823e-02 3.505129524524732082e-04 5.269987826548069420e-04
5.940000000000000000e+02 4.039648525845286609e-02 3.551386176374762794e-04 5.262200597849933485e-04
5.950000000000000000e+02 4.011058601927637579e-02 3.596776288224299775e-04 5.248819963452746673e-04
5.960000000000000000e+02 3.982579216740253503e-02 3.639867756274392909e-04 5.229902152344435276e-04
5.970000000000000000e+02 3.954217563925938733e-02 3.684496812555577397e-04 5.205503393511569247e-04
5.980000000000000000e+02 3.925980839982234211e-02 3.729259761234830122e-04 5.175679915945301463e-04
5.990000000000000000e+02 3.897876244335786444e-02 3.772543245830461403e-04 5.140487948631627252e-04
6.000000000000000000e+02 3.869910979394939471e-02 3.817946064056270718e-04 5.099983720558645293e-04
6.010000000000000000e+02 3.842092250623269784e-02 3.863972109557366782e-04 5.054223460715942876e-04
6.020000000000000000e+02 3.814427266606577188e-02 3.909305615649817439e-04 5.003263398090137658e-04
6.030000000000000000e+02 3.786923239115640855e-02 3.952126697794751376e-04 4.947159761669468183e-04
6.040000000000000000e+02 3.759587383182199510e-02 3.999210437061039708e-04 4.885968780443200815e-04
6.050000000000000000e+02 3.732426917170904301e-02 4.042838786008302919e-04 4.819746683397214330e-04
6.060000000000000000e+02 3.705449062851938480e-02 4.088217319093486878e-04 4.748549699521096559e-04
6.070000000000000000e+02 3.678661045471633834e-02 4.131129056226375213e-04 4.672434057803724638e-04
6.080000000000000000e+02 3.652070093838184761e-02 4.175657322780979182e-04 4.591455987231441382e-04
6.090000000000000000e+02 3.625683440392353518e-02 4.220951000155858095e-04 4.505671716793819984e-04
6.100000000000000000e+02 3.599508321298257318e-02 4.265713919477831951e-04 4.415137475476778794e-04
6.110000000000000000e+02 3.573551976512406858e-02 4.306895970716743244e-04 4.319909492270819626e-04
6.120000000000000000e+02 3.547821649881748030e-02 4.354721399469349075e-04 4.220043996162926598e-04
6.130000000000000000e+02 3.522324589219456153e-02 4.395714380212421986e-04 4.115597216141026003e-04
6.140000000000000000e+02 3.497068046400959168e-02 4.438712588656595188e-04 4.006625381193414386e-04
6.150000000000000000e+02 3.472059277451451653e-02 4.482816909364650782e-04 3.893184720308193137e-04
6.160000000000000000e+02 3.447305542638496451e-02 4.523169497291746146e-04 3.775331462473952623e-04
6.170000000000000000e+02 3.422814106565749692e-02 4.566976699930401008e-04 3.653121836677985417e-04
6.180000000000000000e+02 3.398592238274469185e-02 4.607227508640147884e-04 3.526612071909416397e-04
6.190000000000000000e+02 3.374647211335961988e-02 4.652128747508182255e-04 3.395858397153762756e-04
6.200000000000000000e+02 3.350986303962119606e-02 4.689002096065460006e-04 3.260917041402144846e-04
6.210000000000000000e+02 3.327616799100423239e-02 4.730490005406085365e-04 3.121844233642189718e-04
6.220000000000000000e+02 3.304545032840374569e-02 4.773399236373990044e-04 2.978704685800864544e-04
6.230000000000000000e+02 3.281773539401102585e-02 4.811779383026903783e-04 2.831597041574715934e-04
6.240000000000000000e+02 3.259303906362739922e-02 4.849319683047879914e-04 2.680628427596947762e-04
6.250000000000000000e+02 3.237137726486728068e-02 4.891981748980768572e-04 2.525905970503178962e-04
6.260000000000000000e+02 3.215276597831587951e-02 4.929552335870893403e-04 2.367536796928481214e-04
6.270000000000000000e+02 3.193722123875517710e-02 4.967242774486838562e-04 2.205628033509234021e-04
6.280000000000000000e+02 3.172475913633345662e-02 5.004527577295395666e-04 2.040286806877841114e-04
6.290000000000000000e+02 3.151539581788171535e-02 5.040003739821395266e-04 1.871620243670512316e-04
6.300000000000000000e+02 3.130914748815817605e-02 5.082204161420650172e-04 1.699735470523150893e-04
6.310000000000000000e+02 3.110603041119938683e-02 5.116806678486618236e-04 1.524739614069663552e-04
6.320000000000000000e+02 3.090606091157767354e-02 5.157910683345102868e-04 1.346739800944965850e-04
6.330000000000000000e+02 3.070925537587494356e-02 5.189399641140221781e-04 1.165843157785608186e-04
6.340000000000000000e+02 3.051563025408111224e-02 5.221002937503317360e-04 9.821568112251694298e-05
6.350000000000000000e+02 3.032520206095468823e-02 5.258639659245956284e-04 7.957878878991020909e-05
6.360000000000000000e+02 3.013798737761789331e-02 5.290358267482542405e-04 6.068435144424558285e-05
6.370000000000000000e+02 2.995400285294232481e-02 5.321091570273135804e-04 4.154308174902860616e-05
6.380000000000000000e+02 2.977326520521725306e-02 5.357540344071984924e-04 2.216569236774837835e-05
6.390000000000000000e+02 2.959579122363870454e-02 5.391889383966712562e-04 2.562895963926806431e-06
6.400000000000000000e+02 2.942159777001602736e-02 5.423970738767600877e-04 -1.725459479894432476e-05
6.410000000000000000e+02 2.925070178036259100e-02 5.452572017502100177e-04 -3.727606725736319897e-05
6.420000000000000000e+02 2.908312026661681246e-02 5.487852881962303198e-04 -5.749080874781236543e-05
6.430000000000000000e+02 2.891887031844505088e-02 5.516883938671331838e-04 -7.788810660680970776e-05
6.440000000000000000e+02 2.875796910490062419e-02 5.547064354770854609e-04 -9.845724817084376159e-05
6.450000000000000000e+02 2.860043387637795781e-02 5.576669102442909217e-04 -1.191875207763573499e-04
6.460000000000000000e+02 2.844628196642328202e-02 5.601761595340810527e-04 -1.400682117599659005e-04
6.470000000000000000e+02 2.829553079365458579e-02 5.630063824223632092e-04 -1.610886084581264260e-04
6.480000000000000000e+02 2.814819786370650542e-02 5.658795834537578900e-04 -1.822379982072897995e-04
6.490000000000000000e+02 2.800430077126388195e-02 5.683768376668982963e-04 -2.035056683438839361e-04
6.500000000000000000e+02 2.786385720214726650e-02 5.716853289674517485e-04 -2.248809062045846268e-04
6.510000000000000000e+02 2.772688493534007648e-02 5.737471263050873682e-04 -2.463529991258111944e-04
6.520000000000000000e+02 2.759340184521834674e-02 5.767049976636076918e-04 -2.679112344439989538e-04
6.530000000000000000e+02 2.746342590372818915e-02 5.788583688041760208e-04 -2.895448994956481906e-04
6.540000000000000000e+02 2.733697518265409271e-02 5.804177675899038118e-04 -3.112432816173721644e-04
6.550000000000000000e+02 2.721406785594851843e-02 5.835757829372146491e-04 -3.329956681456180891e-04
6.560000000000000000e+02 2.709472220206465831e-02 5.856333396705186087e-04 -3.547913464168269445e-04
6.570000000000000000e+02 2.697895660645415264e-02 5.877240105777910024e-04 -3.766196037675899268e-04
6.580000000000000000e+02 2.686678956399454407e-02 5.902005877385606541e-04 -3.984697275342640984e-04
6.590000000000000000e+02 2.675823968159680988e-02 5.918731205112606145e-04 -4.203310050534532320e-04
6.600000000000000000e+02 2.665332568077635050e-02 5.943821391024334180e-04 -4.421927236616244911e-04
6.610000000000000000e+02 2.655205820222649934e-02 5.959453149256492121e-04 -4.640445323756501738e-04
6.620000000000000000e+02 2.645441521432253043e-02 5.974835224676796870e-04 -4.858775269334011655e-04
6.630000000000000000e+02 2.636036661020824817e-02 5.999316796662130125e-04 -5.076831647531501257e-04
6.640000000000000000e+02 2.626988240872062813e-02 6.012237911638654460e-04 -5.294529032534353976e-04
6.650000000000000000e+02 2.618293275736217895e-02 6.031333660332395801e-04 -5.511781998522727929e-04
6.660000000000000000e+02 2.609948793537282194e-02 6.040382511458791508e-04 -5.728505119681675866e-04
6.670000000000000000e+02 2.601951835671711954e-02 6.057686095470964094e-04 -5.944612970193264645e-04
6.680000000000000000e+02 2.594299457333901909e-02 6.077719612398418524e-04 -6.160020124241381498e-04
6.690000000000000000e+02 2.586988727840115396e-02 6.093134613358446331e-04 -6.374641156007077383e-04
6.700000000000000000e+02 2.580016730955505405e-02 6.095795139366899304e-04 -6.588390639675413725e-04
6.710000000000000000e+02 2.573380565241419060e-02 6.118001924753401540e-04 -6.801183149428736020e-04
6.720000000000000000e+02 2.567077344399248257e-02 6.131744285736380256e-04 -7.012933259449339891e-04
6.730000000000000000e+02 2.561104197632690926e-02 6.145912537134615335e-04 -7.223555543920052221e-04
6.740000000000000000e+02 2.555458270012822553e-02 6.150823581423545084e-04 -7.432964577025816255e-04
6.750000000000000000e+02 2.550136722852078264e-02 6.160776792732129041e-04 -7.641074932948085192e-04
6.760000000000000000e+02 2.545136734089450264e-02 6.168580128805137893e-04 -7.847801185869527621e-04
6.770000000000000000e+02 2.540455498689602257e-02 6.186601926788786463e-04 -8.053057909974562032e-04
6.780000000000000000e+02 2.536090229042843244e-02 6.186900970062407957e-04 -8.256759679444838950e-04
6.790000000000000000e+02 2.532038155369324695e-02 6.197615184157838570e-04 -8.458821068463870472e-04
6.800000000000000000e+02 2.528296526165084088e-02 6.212758094524065957e-04 -8.659156651214550702e-04
6.810000000000000000e+02 2.524862608634159331e-02 6.223598798028378513e-04 -8.857681001880715914e-04
6.820000000000000000e+02 2.521733689100670583e-02 6.222272549333318680e-04 -9.054308694643692455e-04
6.830000000000000000e+02 2.518907073507910266e-02 6.229074055837419566e-04 -9.248954303687869543e-04
6.840000000000000000e+02 2.516380087859440215e-02 6.230965990682772564e-04 -9.441532403196229101e-04
6.850000000000000000e+02 2.514150078728192086e-02 6.237429898238790486e-04 -9.631957567350924723e-04
6.860000000000000000e+02 2.512214413709535493e-02 6.243907086057295984e-04 -9.820144370334832080e-04
6.870000000000000000e+02 2.510570481946396496e-02 6.241218651576374218e-04 -1.000600738633404801e-03
6.880000000000000000e+02 2.509215694651354550e-02 6.250204900605363162e-04 -1.018946118952461987e-03
6.890000000000000000e+02 2.508147485619683856e-02 6.256712498966345883e-04 -1.037042035409286569e-03
6.900000000000000000e+02 2.507363311783530196e-02 6.254590537815076521e-04 -1.054879945423087577e-03
6.910000000000000000e+02 2.506860653777903333e-02 6.260109953239975699e-04 -1.072451306410670147e-03
6.920000000000000000e+02 2.506637016465859333e-02 6.260289553282551329e-04 -1.089747575791392932e-03
6.930000000000000000e+02 2.506689929591529933e-02 6.267133835646724162e-04 -1.106760210983300094e-03
6.940000000000000000e+02 2.507016948328263592e-02 6.264657757282686076e-04 -1.123480669404164746e-03
6.950000000000000000e+02 2.507615653888720098e-02 6.268791516462292107e-04 -1.139900408472508536e-03
6.960000000000000000e+02 2.508483654207861041e-02 6.268729983747319510e-04 -1.156010885607646312e-03
6.970000000000000000e+02 2.509618584519166667e-02 6.264642546070202248e-04 -1.171803558226848334e-03
6.980000000000000000e+02 2.511018108075702138e-02 6.275468391090056799e-04 -1.187269883748293640e-03
6.990000000000000000e+02 2.512679916782118578e-02 6.261574528525973423e-04 -1.202401319590155416e-03
7.000000000000000000e+02 2.514601457481073499e-02 6.267897836681919632e-04 -1.217190406679653000e-03
7.010000000000000000e+02 2.516779109346645518e-02 6.269168607150113481e-04 -1.231634019973044383e-03
7.020000000000000000e+02 2.519209007901048250e-02 6.252917678768834305e-04 -1.245730117934569026e-03
7.030000000000000000e+02 2.521887320249093303e-02 6.263892787225692040e-04 -1.259476659028454897e-03
7.040000000000000000e+02 2.524810245793121521e-02 6.244137111989450997e-04 -1.272871601721251890e-03
7.050000000000000000e+02 2.527974017086463687e-02 6.255885829828812094e-04 -1.285912904475684836e-03
7.060000000000000000e+02 2.531374900583101273e-02 6.264464359835058204e-04 -1.298598525756769050e-03
7.070000000000000000e+02 2.535009197506400344e-02 6.258995170724644544e-04 -1.310926424030361406e-03
7.080000000000000000e+02 2.538873244658796172e-02 6.241847731531687243e-04 -1.322894557759876719e-03
7.090000000000000000e+02 2.542963415344267827e-02 6.243163100119219263e-04 -1.334500885409549897e-03
7.100000000000000000e+02 2.547276120195217375e-02 6.240729359611520448e-04 -1.345743365444869834e-03
7.110000000000000000e+02 2.551807808166784222e-02 6.236975198145633436e-04 -1.356619956331159326e-03
7.120000000000000000e+02 2.556554967390969532e-02 6.234605569072047566e-04 -1.367128616531265283e-03
7.130000000000000000e+02 2.561514126220944612e-02 6.237352262557168976e-04 -1.377267304511531386e-03
7.140000000000000000e+02 2.566681854150716646e-02 6.222576633049982505e-04 -1.387033978734878489e-03
7.150000000000000000e+02 2.572054762863891855e-02 6.218867690460493786e-04 -1.396426597667671521e-03
7.160000000000000000e+02 2.577629507282448024e-02 6.212529229114093854e-04 -1.405443119772834372e-03
7.170000000000000000e+02 2.583402786590984282e-02 6.218988744607481306e-04 -1.414081503516684268e-03
7.180000000000000000e+02 2.589371345372744326e-02 6.211436418923258580e-04 -1.422339707362986223e-03
7.190000000000000000e+02 2.595531974690230836e-02 6.204429338594790247e-04 -1.430215689776129532e-03
7.200000000000000000e+02 2.601881513267596813e-02 6.199292986491946418e-04 -1.437707409220654632e-03
7.210000000000000000e+02 2.608416848657620773e-02 6.194652658680660940e-04 -1.444812824162574521e-03
7.220000000000000000e+02 2.615134918444097373e-02 6.180165717590576204e-04 -1.451529893064422557e-03
7.230000000000000000e+02 2.622032711489731202e-02 6.196331209377747362e-04 -1.457856574392863780e-03
7.240000000000000000e+02 2.629107269197620764e-02 6.180068203594690952e-04 -1.463790826611061253e-03
7.250000000000000000e+02 2.636355686842714596e-02 6.187587400223130280e-04 -1.469330608184470912e-03
7.260000000000000000e+02 2.643775114867063375e-02 6.189712325511396475e-04 -1.474473877577700846e-03
7.270000000000000000e+02 2.651362760293954346e-02 6.179924918032123462e-04 -1.479218593254944328e-03
7.280000000000000000e+02 2.659115888127594474e-02 6.186605629546031160e-04 -1.483562713680411328e-03
7.290000000000000000e+02 2.667031822760160958e-02 6.173169125405096515e-04 -1.487504197319626086e-03
7.300000000000000000e+02 2.675107949515893174e-02 6.166588802927436101e-04 -1.491041002637205366e-03
7.310000000000000000e+02 2.683341716128151422e-02 6.176198587969088279e-04 -1.494171088097292132e-03
7.320000000000000000e+02 2.691730634309119630e-02 6.183231203364496220e-04 -1.496892412164849443e-03
7.330000000000000000e+02 2.700272281363861812e-02 6.149821422941270307e-04 -1.499202933303464503e-03
7.340000000000000000e+02 2.708964301793924737e-02 6.157972316832489336e-04 -1.501100609980108962e-03
7.350000000000000000e+02 2.717804409053985182e-02 6.166732370684613069e-04 -1.502583400656881413e-03
7.360000000000000000e+02 2.726790387216351461e-02 6.163920561883839185e-04 -1.503649263800089977e-03
7.370000000000000000e+02 2.735920092744980811e-02 6.163552829192642593e-04 -1.504296157873745996e-03
7.380000000000000000e+02 2.745191456373451480e-02 6.170181448475432415e-04 -1.504522041342571618e-03
7.390000000000000000e+02 2.754602746157156293e-02 6.162706809369391386e-04 -1.504325917916309084e-03
7.400000000000000000e+02 2.764153353134640376e-02 6.170175055953486601e-04 -1.503710972291766312e-03
7.410000000000000000e+02 2.773843009597567674e-02 6.163106953481396495e-04 -1.502681434408814328e-03
7.420000000000000000e+02 2.783671529814900694e-02 6.175009923644900547e-04 -1.501241534209328196e-03
7.430000000000000000e+02 2.793638812128408991e-02 6.167063487598942965e-04 -1.499395501633561016e-03
7.440000000000000000e+02 2.803744841089678488e-02 6.180846539048652326e-04 -1.497147566623325404e-03
7.450000000000000000e+02 2.813989689617996115e-02 6.179842166195338585e-04 -1.494501959118392856e-03
7.460000000000000000e+02 2.824373521265815049e-02 6.175218582105787730e-04 -1.491462909061335362e-03
7.470000000000000000e+02 2.834896592473272817e-02 6.190754657003504254e-04 -1.488034646393097309e-03
7.480000000000000000e+02 2.845559254961122289e-02 6.197355753539365332e-04 -1.484221401053635375e-03
7.490000000000000000e+02 2.856361958151128200e-02 6.214544316575953183e-04 -1.480027402985044501e-03
7.500000000000000000e+02 2.867305251632315186e-02 6.198803632786400878e-04 -1.475456882128001494e-03
7.510000000000000000e+02 2.878389787697185551e-02 6.218087528341727753e-04 -1.470514068423225658e-03
7.520000000000000000e+02 2.889616324006308995e-02 6.217420899707217343e-04 -1.465203191812917971e-03
7.530000000000000000e+02 2.900985726209565768e-02 6.237519250873964144e-04 -1.459528482237238073e-03
7.540000000000000000e+02 2.912498970769013609e-02 6.264919986169459332e-04 -1.453494169637405305e-03
7.550000000000000000e+02 2.924157147725170783e-02 6.258938952099868478e-04 -1.447104483953838864e-03
7.560000000000000000e+02 2.935961463638243202e-02 6.263680945464875863e-04 -1.440363655129221114e-03
7.570000000000000000e+02 2.947913244580153969e-02 6.290643706431476093e-04 -1.433275913104193082e-03
7.580000000000000000e+02 2.960013939130856295e-02 6.288594283383472719e-04 -1.425845487818796662e-03
7.590000000000000000e+02 2.972265121611991287e-02 6.295780754294218184e-04 -1.418076609214702442e-03
7.600000000000000000e+02 2.984668495214024692e-02 6.343559685867575324e-04 -1.409973507233368284e-03
7.610000000000000000e+02 2.997225895407462648e-02 6.349897037584833212e-04 -1.401540411815029941e-03
7.620000000000000000e+02 3.009939293243240471e-02 6.370304900615076683e-04 -1.392781552901724024e-03
7.630000000000000000e+02 3.022810798903102780e-02 6.403185369829754101e-04 -1.383701160433858457e-03
7.640000000000000000e+02 3.035842665276789615e-02 6.390401870099318531e-04 -1.374303464353218750e-03
7.650000000000000000e+02 3.049037291616428155e-02 6.401136368621323548e-04 -1.364592694599565557e-03
7.660000000000000000e+02 3.062397227321331933e-02 6.427036783225787732e-04 -1.354573081115221719e-03
7.670000000000000000e+02 3.075925175833169739e-02 6.475849873548211516e-04 -1.344248853840874234e-03
7.680000000000000000e+02 3.089623998593162349e-02 6.500288121359504810e-04 -1.333624242717765859e-03
7.690000000000000000e+02 3.103496719141680266e-02 6.518077367609180234e-04 -1.322703477686695481e-03
7.700000000000000000e+02 3.117546527310210980e-02 6.547328505066743031e-04 -1.311490788688611606e-03
7.710000000000000000e+02 3.131776783518586821e-02 6.566914076990436246e-04 -1.299990405664408532e-03
7.720000000000000000e+02 3.146191023237732143e-02 6.589518223504488726e-04 -1.288206558556290052e-03
7.730000000000000000e+02 3.160792961499249432e-02 6.607249604448062717e-04 -1.276143477304433806e-03
7.740000000000000000e+02 3.175586497564231170e-02 6.666903949111868156e-04 -1.263805391849931632e-03
7.750000000000000000e+02 3.190575719742869132e-02 6.693512797940014396e-04 -1.251196532134577714e-03
7.760000000000000000e+02 3.205764910285612002e-02 6.739049252071942957e-04 -1.238321128098338704e-03
7.770000000000000000e+02 3.221158550444311319e-02 6.758307133640463135e-04 -1.225183409683041746e-03
7.780000000000000000e+02 3.236761841993387318e-02 6.799457122747924742e-04 -1.211788054129939131e-03
7.790000000000000000e+02 3.252582261473477288e-02 6.838932869439931766e-04 -1.198141527882924879e-03
7.800000000000000000e+02 3.268628016758899635e-02 6.873925208677473652e-04 -1.184250744686940774e-03
7.810000000000000000e+02 3.284907536315589960e-02 6.944219815836735797e-04 -1.170122618285007396e-03
7.820000000000000000e+02 3.301429475057081342e-02 6.987936207312918499e-04 -1.155764062421860746e-03
7.830000000000000000e+02 3.318202720188889732e-02 7.006252483957548871e-04 -1.141181990842214927e-03
7.840000000000000000e+02 3.335236397365257122e-02 7.060175766499062920e-04 -1.126383317289047581e-03
7.850000000000000000e+02 3.352539876901248356e-02 7.102238135525763872e-04 -1.111374955507967062e-03
7.860000000000000000e+02 3.370122780231022547e-02 7.149591672560988735e-04 -1.096163819243209771e-03
7.870000000000000000e+02 3.387994986509917927e-02 7.208377675947735472e-04 -1.080756822237463220e-03
7.880000000000000000e+02 3.406166639382731537e-02 7.265381800671615823e-04 -1.065160878236945949e-03
7.890000000000000000e+02 3.424648153973532810e-02 7.301698653287667798e-04 -1.049382900984431989e-03
7.900000000000000000e+02 3.443450224006971983e-02 7.379745631272484644e-04 -1.033429804225073243e-03
7.910000000000000000e+02 3.462583829198826596e-02 7.419129495724267193e-04 -1.017308501702454291e-03
7.920000000000000000e+02 3.482060242762813340e-02 7.498715669192979006e-04 -1.001025907161391367e-03
7.930000000000000000e+02 3.501891039324135646e-02 7.573369139509287737e-04 -9.845889343462423029e-04
7.940000000000000000e+02 3.522088102547046157e-02 7.643363068435743207e-04 -9.680044970007223261e-04
7.950000000000000000e+02 3.542663633836885123e-02 7.667932973104522876e-04 -9.512795088684575413e-04
7.960000000000000000e+02 3.563630160197661656e-02 7.740130410375136013e-04 -9.344208836950030662e-04
7.970000000000000000e+02 3.585000543334820877e-02 7.825359792263633001e-04 -9.174355352246942909e-04
7.980000000000000000e+02 3.606787988352832403e-02 7.899213086438499135e-04 -9.003303772004723213e-04
7.990000000000000000e+02 3.629006052655749104e-02 7.946648550365673124e-04 -8.831123233673636181e-04
8.000000000000000000e+02 3.651668655949927983e-02 8.043444492125380665e-04 -8.657882874693516393e-04
8.010000000000000000e+02 3.674790089238006568e-02 8.151383768183526448e-04 -8.483651832513826145e-04
