#          omega_b,        omega_cdm,              n_s,              A_s,      100*theta_s,         tau_reio,               H0,           z_reio,     Omega_Lambda
 1.535616e-08	-5.727048e-08	 2.102147e-07	 2.148260e-16	 1.921631e-08	 5.624762e-08	 4.038876e-05	 1.394743e-06	 4.694347e-07	
-5.727048e-08	 1.035468e-06	-1.678777e-06	 3.645378e-15	 9.059875e-08	-3.916550e-07	-3.842448e-04	-1.052531e-05	-5.815799e-06	
 2.102147e-07	-1.678777e-06	 1.936190e-05	 7.979663e-15	 1.939368e-07	 1.664928e-06	 8.428997e-04	 9.603866e-05	 1.119014e-05	
 2.148260e-16	 3.645378e-15	 7.979663e-15	 1.431318e-22	 1.122213e-15	 2.174664e-14	-7.049604e-13	 2.238949e-12	-1.555172e-14	
 1.921631e-08	 9.059875e-08	 1.939368e-07	 1.122213e-15	 2.916816e-07	 7.900402e-08	 8.304805e-05	 5.627223e-06	 5.321680e-07	
 5.624762e-08	-3.916550e-07	 1.664928e-06	 2.174664e-14	 7.900402e-08	 5.373467e-06	 2.150092e-04	 5.316891e-04	 2.748399e-06	
 4.038876e-05	-3.842448e-04	 8.428997e-04	-7.049604e-13	 8.304805e-05	 2.150092e-04	 1.988836e-01	 6.879467e-03	 2.639383e-03	
 1.394743e-06	-1.052531e-05	 9.603866e-05	 2.238949e-12	 5.627223e-06	 5.316891e-04	 6.879467e-03	 5.401147e-02	 8.342924e-05	
 4.694347e-07	-5.815799e-06	 1.119014e-05	-1.555172e-14	 5.321680e-07	 2.748399e-06	 2.639383e-03	 8.342924e-05	 3.683228e-05	
