#          omega_b,        omega_cdm,              n_s,              A_s,      100*theta_s,         tau_reio,           m_ncdm,               H0,           z_reio,     Omega_Lambda
 2.016398e-08	-9.992507e-08	 1.546869e-07	-4.230172e-17	 1.392014e-08	 5.830640e-08	-1.852544e-06	 1.067238e-04	-8.696250e-07	 1.385782e-06	
-9.992507e-08	 1.051192e-06	-1.926293e-06	 2.278164e-15	-4.582088e-08	-5.481347e-07	 1.503475e-05	-8.697873e-04	-1.098482e-05	-1.197340e-05	
 1.546869e-07	-1.926293e-06	 7.902746e-06	-5.510094e-15	 2.176237e-07	 1.361096e-06	-3.334092e-05	 1.767443e-03	 6.084956e-05	 2.420570e-05	
-4.230172e-17	 2.278164e-15	-5.510094e-15	 8.682467e-23	 2.071418e-16	 1.616566e-14	 3.743505e-14	-1.757876e-12	 1.715020e-12	-2.533814e-14	
 1.392014e-08	-4.582088e-08	 2.176237e-07	 2.071418e-16	 9.484993e-08	 4.169089e-08	-9.301446e-07	 8.466100e-05	 2.305818e-07	 9.823788e-07	
 5.830640e-08	-5.481347e-07	 1.361096e-06	 1.616566e-14	 4.169089e-08	 4.471788e-06	-4.479915e-06	 3.750641e-04	 4.339970e-04	 5.199547e-06	
-1.852544e-06	 1.503475e-05	-3.334092e-05	 3.743505e-14	-9.301446e-07	-4.479915e-06	 1.017851e-03	-3.434856e-02	 6.112700e-04	-4.528908e-04	
 1.067238e-04	-8.697873e-04	 1.767443e-03	-1.757876e-12	 8.466100e-05	 3.750641e-04	-3.434856e-02	 1.342066e+00	-1.325432e-02	 1.780098e-02	
-8.696250e-07	-1.098482e-05	 6.084956e-05	 1.715020e-12	 2.305818e-07	 4.339970e-04	 6.112700e-04	-1.325432e-02	 4.468179e-02	-1.521201e-04	
 1.385782e-06	-1.197340e-05	 2.420570e-05	-2.533814e-14	 9.823788e-07	 5.199547e-06	-4.528908e-04	 1.780098e-02	-1.521201e-04	 2.373208e-04	
