#          omega_b,        omega_cdm,              n_s,              A_s,      100*theta_s,         tau_reio,           m_ncdm,               H0,           z_reio,     Omega_Lambda
 3.983066e-08	-1.690854e-07	 5.971763e-07	 4.971010e-16	 4.337009e-08	 1.439731e-07	-6.878144e-06	 2.798905e-04	-5.488567e-07	 4.038123e-06	
-1.690854e-07	 1.447544e-06	-3.369839e-06	 1.917636e-15	-9.135964e-08	-8.058706e-07	 2.810813e-05	-1.376322e-03	-5.573212e-06	-2.079842e-05	
 5.971763e-07	-3.369839e-06	 2.398837e-05	 1.685527e-14	 4.447842e-07	 3.883184e-06	-1.834146e-04	 6.406377e-03	 1.172379e-04	 9.520731e-05	
 4.971010e-16	 1.917636e-15	 1.685527e-14	 1.373501e-22	 5.069076e-16	 2.106312e-14	-2.970990e-13	 7.437427e-12	 1.924298e-12	 1.051483e-13	
 4.337009e-08	-9.135964e-08	 4.447842e-07	 5.069076e-16	 2.866016e-07	 7.357584e-08	 2.577352e-06	 1.000511e-04	-2.601870e-06	 9.149003e-07	
 1.439731e-07	-8.058706e-07	 3.883184e-06	 2.106312e-14	 7.357584e-08	 5.197271e-06	-5.461878e-05	 1.801223e-03	 4.565655e-04	 2.657713e-05	
-6.878144e-06	 2.810813e-05	-1.834146e-04	-2.970990e-13	 2.577352e-06	-5.461878e-05	 6.620391e-03	-1.821571e-01	-5.245336e-04	-2.677000e-03	
 2.798905e-04	-1.376322e-03	 6.406377e-03	 7.437427e-12	 1.000511e-04	 1.801223e-03	-1.821571e-01	 5.359605e+00	 1.358689e-02	 7.846589e-02	
-5.488567e-07	-5.573212e-06	 1.172379e-04	 1.924298e-12	-2.601870e-06	 4.565655e-04	-5.245336e-04	 1.358689e-02	 4.619894e-02	 2.190522e-04	
 4.038123e-06	-2.079842e-05	 9.520731e-05	 1.051483e-13	 9.149003e-07	 2.657713e-05	-2.677000e-03	 7.846589e-02	 2.190522e-04	 1.157732e-03	
