#          omega_b,        omega_cdm,              n_s,              A_s,      100*theta_s,         tau_reio,               H0,           z_reio,     Omega_Lambda
 1.726710e-08	-7.323652e-08	 9.438651e-08	 3.890160e-17	 1.221843e-08	 5.368550e-08	 4.534772e-05	 4.784950e-07	 5.488010e-07	
-7.323652e-08	 8.395074e-07	-1.461781e-06	 1.646392e-15	-3.405383e-08	-5.116962e-07	-3.727964e-04	-2.251807e-05	-5.187528e-06	
 9.438651e-08	-1.461781e-06	 6.966358e-06	-4.108995e-15	 1.930937e-07	 1.291325e-06	 6.642057e-04	 8.762197e-05	 9.246870e-06	
 3.890160e-17	 1.646392e-15	-4.108995e-15	 8.785923e-23	 2.534964e-16	 1.701226e-14	-4.607495e-13	 1.749473e-12	-8.038496e-15	
 1.221843e-08	-3.405383e-08	 1.930937e-07	 2.534964e-16	 9.103658e-08	 4.561813e-08	 5.336474e-05	 1.560810e-06	 5.487332e-07	
 5.368550e-08	-5.116962e-07	 1.291325e-06	 1.701226e-14	 4.561813e-08	 4.647921e-06	 2.436206e-04	 4.531101e-04	 3.296158e-06	
 4.534772e-05	-3.727964e-04	 6.642057e-04	-4.607495e-13	 5.336474e-05	 2.436206e-04	 1.898119e-01	 8.884126e-03	 2.502675e-03	
 4.784950e-07	-2.251807e-05	 8.762197e-05	 1.749473e-12	 1.560810e-06	 4.531101e-04	 8.884126e-03	 4.566707e-02	 1.320471e-04	
 5.488010e-07	-5.187528e-06	 9.246870e-06	-8.038496e-15	 5.487332e-07	 3.296158e-06	 2.502675e-03	 1.320471e-04	 3.371537e-05	
