#          omega_b,        omega_cdm,              n_s,              A_s,      100*theta_s,           z_reio,           m_ncdm,               H0,     Omega_Lambda,         tau_reio
 6.133108e-08	-1.741196e-07	 7.821833e-07	 7.312292e-16	 1.342582e-07	-1.464911e-06	-3.652952e-06	 2.558027e-04	 3.156321e-06	 1.588548e-07	
-1.741196e-07	 1.795904e-06	-3.376813e-06	 3.551984e-15	 7.881541e-08	-1.489422e-05	 2.437748e-05	-1.391465e-03	-1.987993e-05	-9.021222e-07	
 7.821833e-07	-3.376813e-06	 2.706541e-05	 1.676208e-14	 1.530332e-06	 1.116084e-04	-7.143073e-05	 4.254999e-03	 5.516677e-05	 3.575716e-06	
 7.312292e-16	 3.551984e-15	 1.676208e-14	 1.476568e-22	 3.324733e-15	 2.064723e-12	 1.288823e-14	 1.918388e-13	-8.931431e-15	 2.105377e-14	
 1.342582e-07	 7.881541e-08	 1.530332e-06	 3.324733e-15	 1.019434e-06	-5.509563e-06	-2.428506e-06	 4.951836e-04	 4.707359e-06	 2.180717e-07	
-1.464911e-06	-1.489422e-05	 1.116084e-04	 2.064723e-12	-5.509563e-06	 5.309775e-02	 5.934088e-04	-1.374528e-02	-1.543119e-04	 5.139677e-04	
-3.652952e-06	 2.437748e-05	-7.143073e-05	 1.288823e-14	-2.428506e-06	 5.934088e-04	 1.671725e-03	-5.672463e-02	-7.661308e-04	-1.262715e-05	
 2.558027e-04	-1.391465e-03	 4.254999e-03	 1.918388e-13	 4.951836e-04	-1.374528e-02	-5.672463e-02	 2.373699e+00	 3.148448e-02	 8.583167e-04	
 3.156321e-06	-1.987993e-05	 5.516677e-05	-8.931431e-15	 4.707359e-06	-1.543119e-04	-7.661308e-04	 3.148448e-02	 4.238051e-04	 1.144760e-05	
 1.588548e-07	-9.021222e-07	 3.575716e-06	 2.105377e-14	 2.180717e-07	 5.139677e-04	-1.262715e-05	 8.583167e-04	 1.144760e-05	 5.540626e-06	
