#          omega_b,        omega_cdm,              n_s,              A_s,      100*theta_s,           m_ncdm,           z_reio,               H0,     Omega_Lambda,         tau_reio
 1.833765e-07	-1.012073e-06	 4.411426e-06	-2.562932e-15	 2.109228e-07	-2.638915e-05	-6.539265e-05	 1.199464e-03	 1.937199e-05	 4.255264e-08	
-1.012073e-06	 9.872786e-06	-3.226626e-05	 3.565703e-14	-1.604943e-06	 2.152673e-04	 4.392417e-04	-9.845285e-03	-1.640402e-04	-4.257275e-07	
 4.411426e-06	-3.226626e-05	 1.464730e-04	-9.467917e-14	 4.830909e-06	-8.075172e-04	-1.733047e-03	 3.541612e-02	 5.878134e-04	 1.453983e-06	
-2.562932e-15	 3.565703e-14	-9.467917e-14	 2.651568e-22	-5.419232e-15	 7.031523e-13	 3.714731e-12	-3.271812e-11	-5.512530e-13	 2.153117e-14	
 2.109228e-07	-1.604943e-06	 4.830909e-06	-5.419232e-15	 1.904844e-06	-3.360652e-05	-8.097361e-05	 2.165768e-03	 3.231790e-05	 4.111082e-08	
-2.638915e-05	 2.152673e-04	-8.075172e-04	 7.031523e-13	-3.360652e-05	 7.959492e-03	 1.297688e-02	-2.956798e-01	-4.963283e-03	-3.798429e-07	
-6.539265e-05	 4.392417e-04	-1.733047e-03	 3.714731e-12	-8.097361e-05	 1.297688e-02	 8.755242e-02	-5.411224e-01	-8.883979e-03	 5.710832e-04	
 1.199464e-03	-9.845285e-03	 3.541612e-02	-3.271812e-11	 2.165768e-03	-2.956798e-01	-5.411224e-01	 1.213396e+01	 2.000540e-01	 1.916659e-04	
 1.937199e-05	-1.640402e-04	 5.878134e-04	-5.512530e-13	 3.231790e-05	-4.963283e-03	-8.883979e-03	 2.000540e-01	 3.360357e-03	 3.508703e-06	
 4.255264e-08	-4.257275e-07	 1.453983e-06	 2.153117e-14	 4.111082e-08	-3.798429e-07	 5.710832e-04	 1.916659e-04	 3.508703e-06	 5.617032e-06	
