#          omega_b,        omega_cdm,              n_s,              A_s,      100*theta_s,           z_reio,           m_ncdm,               H0,     Omega_Lambda,         tau_reio
 5.067625e-08	-1.540888e-07	 7.306791e-07	 7.252483e-16	 9.700446e-08	-6.134843e-07	-7.020494e-06	 3.058883e-04	 4.254404e-06	 1.536356e-07	
-1.540888e-07	 1.539717e-06	-3.133789e-06	 2.919193e-15	 6.419119e-08	-6.443977e-06	 2.669495e-05	-1.305687e-03	-2.008246e-05	-7.374395e-07	
 7.306791e-07	-3.133789e-06	 2.438985e-05	 1.808911e-14	 1.065934e-06	 8.457220e-05	-1.893938e-04	 6.804240e-03	 9.865890e-05	 3.611419e-06	
 7.252483e-16	 2.919193e-15	 1.808911e-14	 1.280778e-22	 2.394831e-15	 1.568311e-12	-3.082519e-13	 8.227966e-12	 1.107844e-13	 1.746671e-14	
 9.700446e-08	 6.419119e-08	 1.065934e-06	 2.394831e-15	 7.611676e-07	-1.229619e-06	 1.738424e-06	 2.731946e-04	 2.396534e-06	 1.681741e-07	
-6.134843e-07	-6.443977e-06	 8.457220e-05	 1.568311e-12	-1.229619e-06	 3.927737e-02	-4.878975e-04	 1.340814e-02	 2.120040e-04	 3.809024e-04	
-7.020494e-06	 2.669495e-05	-1.893938e-04	-3.082519e-13	 1.738424e-06	-4.878975e-04	 6.715276e-03	-1.844775e-01	-2.691447e-03	-5.076861e-05	
 3.058883e-04	-1.305687e-03	 6.804240e-03	 8.227966e-12	 2.731946e-04	 1.340814e-02	-1.844775e-01	 5.474317e+00	 7.926435e-02	 1.721285e-03	
 4.254404e-06	-2.008246e-05	 9.865890e-05	 1.107844e-13	 2.396534e-06	 2.120040e-04	-2.691447e-03	 7.926435e-02	 1.159055e-03	 2.499219e-05	
 1.536356e-07	-7.374395e-07	 3.611419e-06	 1.746671e-14	 1.681741e-07	 3.809024e-04	-5.076861e-05	 1.721285e-03	 2.499219e-05	 4.324099e-06	
