#          omega_b,        omega_cdm,              n_s,              A_s,      100*theta_s,           z_reio,           m_ncdm,               H0,     Omega_Lambda,         tau_reio
 5.245784e-08	-1.490649e-07	 6.689155e-07	 6.244245e-16	 1.146757e-07	-1.225989e-06	-3.111291e-06	 2.188666e-04	 2.678221e-06	 1.360423e-07	
-1.490649e-07	 1.541094e-06	-2.887822e-06	 3.065766e-15	 6.850198e-08	-1.281697e-05	 2.095176e-05	-1.197378e-03	-1.696850e-05	-7.738309e-07	
 6.689155e-07	-2.887822e-06	 2.311581e-05	 1.432560e-14	 1.301893e-06	 9.579969e-05	-6.038534e-05	 3.626275e-03	 4.661605e-05	 3.058661e-06	
 6.244245e-16	 3.065766e-15	 1.432560e-14	 1.260633e-22	 2.864878e-15	 1.756905e-12	 1.166772e-14	 1.418377e-13	-7.952999e-15	 1.791992e-14	
 1.146757e-07	 6.850198e-08	 1.301893e-06	 2.864878e-15	 8.689900e-07	-4.568128e-06	-1.975814e-06	 4.197255e-04	 3.944025e-06	 1.868957e-07	
-1.225989e-06	-1.281697e-05	 9.579969e-05	 1.756905e-12	-4.568128e-06	 4.513355e-02	 4.741709e-04	-1.080538e-02	-1.174571e-04	 4.373622e-04	
-3.111291e-06	 2.095176e-05	-6.038534e-05	 1.166772e-14	-1.975814e-06	 4.741709e-04	 1.426327e-03	-4.854746e-02	-6.497458e-04	-1.108610e-05	
 2.188666e-04	-1.197378e-03	 3.626275e-03	 1.418377e-13	 4.197255e-04	-1.080538e-02	-4.854746e-02	 2.037368e+00	 2.679594e-02	 7.443764e-04	
 2.678221e-06	-1.696850e-05	 4.661605e-05	-7.952999e-15	 3.944025e-06	-1.174571e-04	-6.497458e-04	 2.679594e-02	 3.575233e-04	 9.853863e-06	
 1.360423e-07	-7.738309e-07	 3.058661e-06	 1.791992e-14	 1.868957e-07	 4.373622e-04	-1.108610e-05	 7.443764e-04	 9.853863e-06	 4.721525e-06	
