#          omega_b,        omega_cdm,              n_s,              A_s,      100*theta_s,         tau_reio,           m_ncdm,               H0,           z_reio,     Omega_Lambda
 2.142874e-08	-1.219885e-07	 2.659695e-07	-1.700736e-16	 2.251495e-08	 4.290067e-08	-2.790040e-06	 1.428885e-04	-3.446922e-06	 1.896673e-06	
-1.219885e-07	 1.564224e-06	-3.250275e-06	 5.598551e-15	-7.950363e-08	-2.917202e-07	 2.463011e-05	-1.328933e-03	 3.233784e-05	-1.870316e-05	
 2.659695e-07	-3.250275e-06	 1.059531e-05	-1.212449e-14	 4.330628e-07	 9.400180e-07	-6.587827e-05	 3.253158e-03	-4.065024e-05	 4.506585e-05	
-1.700736e-16	 5.598551e-15	-1.212449e-14	 1.298580e-22	 5.231421e-16	 2.227424e-14	 1.117073e-13	-4.855152e-12	 2.464872e-12	-7.152681e-14	
 2.251495e-08	-7.950363e-08	 4.330628e-07	 5.231421e-16	 1.120295e-07	 1.348469e-07	-3.475724e-06	 1.770064e-04	 6.407516e-06	 2.197408e-06	
 4.290067e-08	-2.917202e-07	 9.400180e-07	 2.227424e-14	 1.348469e-07	 5.550795e-06	 2.888484e-06	 1.119816e-04	 5.581216e-04	 1.215038e-06	
-2.790040e-06	 2.463011e-05	-6.587827e-05	 1.117073e-13	-3.475724e-06	 2.888484e-06	 1.402822e-03	-4.940651e-02	 1.881786e-03	-6.666888e-04	
 1.428885e-04	-1.328933e-03	 3.253158e-03	-4.855152e-12	 1.770064e-04	 1.119816e-04	-4.940651e-02	 1.957531e+00	-6.158117e-02	 2.657665e-02	
-3.446922e-06	 3.233784e-05	-4.065024e-05	 2.464872e-12	 6.407516e-06	 5.581216e-04	 1.881786e-03	-6.158117e-02	 5.949302e-02	-8.677048e-04	
 1.896673e-06	-1.870316e-05	 4.506585e-05	-7.152681e-14	 2.197408e-06	 1.215038e-06	-6.666888e-04	 2.657665e-02	-8.677048e-04	 3.627220e-04	
