#          omega_b,        omega_cdm,              n_s,              A_s,      100*theta_s,         tau_reio,               H0,           z_reio,     Omega_Lambda
 2.944145e-08	-1.067728e-07	 3.574696e-07	 3.375650e-16	 4.108534e-08	 8.563526e-08	 7.770751e-05	 5.573628e-07	 8.996697e-07	
-1.067728e-07	 1.015713e-06	-1.993126e-06	 1.791092e-15	-6.044293e-08	-5.686646e-07	-4.737062e-04	-1.816430e-05	-6.450288e-06	
 3.574696e-07	-1.993126e-06	 1.787940e-05	 1.095177e-14	 4.314591e-07	 2.173364e-06	 1.166529e-03	 1.110899e-04	 1.455478e-05	
 3.375650e-16	 1.791092e-15	 1.095177e-14	 1.122626e-22	 7.873263e-16	 1.763159e-14	-6.618605e-14	 1.750070e-12	-5.311883e-15	
 4.108534e-08	-6.044293e-08	 4.314591e-07	 7.873263e-16	 2.771643e-07	 9.249569e-08	 1.507082e-04	-1.323470e-07	 1.456764e-06	
 8.563526e-08	-5.686646e-07	 2.173364e-06	 1.763159e-14	 9.249569e-08	 4.582630e-06	 3.079146e-04	 4.387206e-04	 3.955581e-06	
 7.770751e-05	-4.737062e-04	 1.166529e-03	-6.618605e-14	 1.507082e-04	 3.079146e-04	 2.868628e-01	 6.850478e-03	 3.564945e-03	
 5.573628e-07	-1.816430e-05	 1.110899e-04	 1.750070e-12	-1.323470e-07	 4.387206e-04	 6.850478e-03	 4.426680e-02	 1.032587e-04	
 8.996697e-07	-6.450288e-06	 1.455478e-05	-5.311883e-15	 1.456764e-06	 3.955581e-06	 3.564945e-03	 1.032587e-04	 4.570811e-05	
