#          omega_b,        omega_cdm,              n_s,              A_s,      100*theta_s,         tau_reio,           m_ncdm,               H0,           z_reio,     Omega_Lambda
 3.914143e-08	-1.706937e-07	 4.346946e-07	 4.629829e-16	 6.624733e-08	 1.410718e-07	-3.640904e-06	 2.116545e-04	 1.582833e-06	 2.737926e-06	
-1.706937e-07	 1.418477e-06	-1.724029e-06	 3.383491e-15	-2.883601e-07	-6.068962e-07	 2.620186e-05	-1.428693e-03	 8.878438e-06	-1.942270e-05	
 4.346946e-07	-1.724029e-06	 1.767453e-05	 9.064337e-15	 6.959865e-07	 7.496977e-07	-2.727794e-05	 1.939892e-03	-5.751349e-05	 2.476831e-05	
 4.629829e-16	 3.383491e-15	 9.064337e-15	 1.249636e-22	 7.341570e-16	 1.603545e-14	 3.654695e-14	-1.515762e-12	 1.605159e-12	-2.712944e-14	
 6.624733e-08	-2.883601e-07	 6.959865e-07	 7.341570e-16	 3.000704e-07	 3.307801e-07	-6.795295e-06	 4.383029e-04	 1.228442e-05	 5.497536e-06	
 1.410718e-07	-6.068962e-07	 7.496977e-07	 1.603545e-14	 3.307801e-07	 3.807066e-06	-1.421531e-05	 8.092227e-04	 3.429460e-04	 1.043899e-05	
-3.640904e-06	 2.620186e-05	-2.727794e-05	 3.654695e-14	-6.795295e-06	-1.421531e-05	 1.214018e-03	-4.676084e-02	 2.699833e-04	-6.203885e-04	
 2.116545e-04	-1.428693e-03	 1.939892e-03	-1.515762e-12	 4.383029e-04	 8.092227e-04	-4.676084e-02	 2.066319e+00	-5.831840e-03	 2.740126e-02	
 1.582833e-06	 8.878438e-06	-5.751349e-05	 1.605159e-12	 1.228442e-05	 3.429460e-04	 2.699833e-04	-5.831840e-03	 3.500653e-02	-9.974854e-05	
 2.737926e-06	-1.942270e-05	 2.476831e-05	-2.712944e-14	 5.497536e-06	 1.043899e-05	-6.203885e-04	 2.740126e-02	-9.974854e-05	 3.652534e-04	
